============================================================
         DETAILED REPORT FOR DATASET: HEART
============================================================

==================================================
           BEST HYPERPARAMETERS (Grid Search)
==================================================

  RPCF / VNS-RPCF:
    C (Misclassification Penalty): 10
    Lambda (Regularization):       0.1
    k_neighbors (VNS):             5

==================================================
           OVERALL STATISTICS (All Seeds & Folds)
==================================================

Model      Mean Test  Std Test  Mean Train  Mean Time  Mean Centers
--------------------------------------------------------------------
RPCF       0.7950     0.0634    0.9237      0.8253     26.3        
VNS-RPCF   0.7827     0.0697    0.9247      10.0239    25.1        
PCF        0.7517     0.0652    1.0000      0.2091     42.6        

==================================================
           STATISTICAL SIGNIFICANCE TESTS
==================================================

Comparison                p-value      Result               Winner              
-----------------------------------------------------------------------------
RPCF vs VNS-RPCF          0.078124     NOT SIG.             No significant dif  
RPCF vs PCF               0.001000     SIGNIFICANT          RPCF                
VNS-RPCF vs PCF           0.007252     SIGNIFICANT          VNS-RPCF            

  Primary Comparison: RPCF vs VNS-RPCF

  Wilcoxon Signed-Rank Test:
    Statistic: 264.5
    p-value:   0.078124

  Paired t-test:
    Statistic: 1.3670
    p-value:   0.177865

  Significance (alpha=0.05): NOT SIGNIFICANT
  Winner: No significant difference

==================================================
           DETAILED RESULTS (Last Run Example)
==================================================

--- Standard RPCF ---
Training Time:       0.8222 s
Test Time:           0.0001 s
Training Accuracy:   0.9377
Test Accuracy:       0.7667
Functions (Centers): 27
Solved Subproblems:  27

Model Parameters (Functions):
  Function 1:
    Center: [ 0.50545103  0.68620244 -0.16526786  1.04208999 -0.67115739  2.394438
 -0.99674925  0.32371444 -0.69663055  0.48345117 -0.97635214 -0.72309499
 -0.89852225]
    Weight (w): [ 0.37446612  0.4598288   0.36809948  0.27778355  0.20009487 -0.10584923
 -0.01473973 -0.19592543 -0.02203476  0.16733716  0.07450108  0.59790321
  0.25313368]
    Xi: 0.180226
    Gamma: 1.000000
    QP Objective: 1.837833476768281

  Function 2:
    Center: [-0.82437528  0.68620244  0.87798549 -1.12060362 -0.82592199 -0.41763453
 -0.99674925 -0.28931978 -0.69663055 -0.81059216 -0.97635214 -0.72309499
 -0.89852225]
    Weight (w): [-0.14485099  0.31068052  0.2486463   0.05290595  0.15969163 -0.53925085
  0.04160784 -0.0850094   0.03379367  0.07882171 -0.00311517  0.43003841
  0.1917698 ]
    Xi: 0.211045
    Gamma: 1.000000
    QP Objective: 2.3984756013795065

  Function 3:
    Center: [-0.04864326  0.68620244 -1.20852121 -1.34825558  1.20536342 -0.41763453
 -0.99674925  0.27992628 -0.69663055 -0.89686172 -0.97635214 -0.72309499
  1.17393137]
    Weight (w): [-0.15384878  0.20309215  0.15417449  0.09696752  0.06951572 -0.25907143
  0.00520684 -0.00849711 -0.09688483 -0.17582425 -0.00308226  0.37671792
  0.27435673]
    Xi: 0.206665
    Gamma: 1.000000
    QP Objective: 2.4401827889461716

  Function 4:
    Center: [ 1.17036419 -1.4572959  -0.16526786  1.61121989  2.19198777 -0.41763453
  1.01668424  0.06098549 -0.69663055 -0.20670527 -0.97635214 -0.72309499
 -0.89852225]
    Weight (w): [ 0.0217465  -0.05412847  0.17882433  0.34494489 -0.00251549 -0.22071503
  0.38086303 -0.08676887 -0.06413309 -0.08060755  0.06690821  0.23655878
 -0.05784039]
    Xi: 0.235499
    Gamma: 1.000000
    QP Objective: 2.34283800380277

  Function 5:
    Center: [ 1.05954533 -1.4572959   0.87798549  2.74947968  1.51489263 -0.41763453
 -0.99674925  0.19234996  1.43548113 -0.89686172 -0.97635214 -0.72309499
 -0.89852225]
    Weight (w): [-0.19388835 -0.08289463  0.18103105  0.15716919 -0.01299619 -0.19404643
  0.15902191 -0.19340545  0.11720211  0.02807449  0.05854786  0.48837769
  0.20786805]
    Xi: 0.140627
    Gamma: 1.000000
    QP Objective: 2.622914210044558

  Function 6:
    Center: [ 1.50282077 -1.4572959  -0.16526786 -0.6652997  -0.69050296 -0.41763453
  1.01668424 -1.51538821 -0.69663055  0.39718162  0.64911323 -0.72309499
 -0.89852225]
    Weight (w): [ 0.03430207  0.19394189  0.13734135  0.09887584  0.13609483 -0.20172022
  0.23223784 -0.28021424 -0.0233519   0.13087466  0.21200092  0.36906267
  0.11782885]
    Xi: 0.173883
    Gamma: 1.000000
    QP Objective: 2.1448944804619363

  Function 7:
    Center: [-0.93519414 -1.4572959  -0.16526786  0.58678607 -1.34825253 -0.41763453
  1.01668424  0.45507891  1.43548113  0.31091206  2.27457861 -0.72309499
 -0.89852225]
    Weight (w): [-0.0198046   0.07038359  0.19961708  0.04236499  0.09884852 -0.1377233
  0.12423755 -0.261454   -0.00541567  0.21802522  0.05175777  0.24186789
  0.14995532]
    Xi: 0.125124
    Gamma: 1.000000
    QP Objective: 2.1474817074604875

  Function 8:
    Center: [-0.38109984  0.68620244  0.87798549  0.47296009  0.27677581 -0.41763453
  1.01668424  1.59357102  1.43548113 -0.89686172 -0.97635214 -0.72309499
 -0.89852225]
    Weight (w): [-0.12523109  0.3093759   0.30606626  0.12213583  0.06092771 -0.17492251
  0.1808575  -0.30263458 -0.00884992  0.10808996 -0.07592835  0.36531095
  0.16786379]
    Xi: 0.173692
    Gamma: 1.000000
    QP Objective: 2.3367585085426326

  Function 9:
    Center: [ 0.83790761 -1.4572959   0.87798549  0.47296009  2.84973733 -0.41763453
  1.01668424  0.32371444 -0.69663055  0.13837295  0.64911323 -0.72309499
 -0.89852225]
    Weight (w): [-0.09403186  0.11607392  0.08345703  0.08925105 -0.05099767  0.03965411
  0.31174148 -0.20746339  0.30128088  0.11676035  0.05311582  0.28355144
  0.13596312]
    Xi: 0.126048
    Gamma: 1.000000
    QP Objective: 2.3636050901715127

  Function 10:
    Center: [-1.04601299  0.68620244  0.87798549 -1.57590754 -0.74853969 -0.41763453
  1.01668424 -0.07037899  1.43548113  1.69122495  0.64911323 -0.72309499
 -0.89852225]
    Weight (w): [-0.18510735  0.4404986   0.38690635 -0.12989049  0.10279757 -0.31433104
  0.28005257 -0.13435221  0.20744981  0.18235649  0.2186643   0.28676982
  0.13404546]
    Xi: 0.298399
    Gamma: 1.000000
    QP Objective: 2.638858998359911

  Function 11:
    Center: [ 1.28118305  0.68620244  0.87798549  1.61121989 -0.36162818 -0.41763453
  1.01668424 -0.50826057 -0.69663055  1.08733806 -0.97635214 -0.72309499
  0.65581797]
    Weight (w): [-0.23713218  0.5609399   0.24407681  0.14187988  0.21605983 -0.21211749
  0.2604484  -0.16673455  0.14530218 -0.17756774  0.21111093  0.48418853
  0.21296702]
    Xi: 0.180831
    Gamma: 1.000000
    QP Objective: 2.3699168871333245

  Function 12:
    Center: [-1.93256387  0.68620244 -0.16526786 -0.0961698   0.06397448 -0.41763453
 -0.99674925  1.63735918 -0.69663055  2.12257273  2.27457861 -0.72309499
 -0.89852225]
    Weight (w): [-0.13675037  0.40314745  0.12106631 -0.08519139  0.02618935 -0.28227812
 -0.11542432  0.0573517  -0.16102549  0.36938369  0.13622125  0.08149186
  0.10524043]
    Xi: 0.263986
    Gamma: 1.000000
    QP Objective: 2.3712177067887623

  Function 13:
    Center: [ 1.05954533  0.68620244  0.87798549 -0.20999578  0.31546696 -0.41763453
 -0.99674925 -1.95326979  1.43548113 -0.7243226   0.64911323  0.35255377
  1.17393137]
    Weight (w): [-0.15575149  0.09657401  0.5495697   0.02630804 -0.06224834 -0.1513883
  0.11260552 -0.34785546  0.13571378  0.25502099  0.0627258   0.40165359
  0.47414582]
    Xi: 0.347729
    Gamma: 1.000000
    QP Objective: 3.011675157291455

  Function 14:
    Center: [ 0.28381332  0.68620244  0.87798549  0.47296009 -1.05806889 -0.41763453
 -0.99674925 -0.07037899 -0.69663055 -0.55178349  0.64911323 -0.72309499
  0.65581797]
    Weight (w): [-0.11937373  0.51885627  0.30240429  0.11124697  0.20364648 -0.44105868
 -0.02265486 -0.09921024  0.03550753  0.15648222  0.09314966  0.39035329
  0.29901301]
    Xi: 0.249407
    Gamma: 1.000000
    QP Objective: 2.5091466760649057

  Function 15:
    Center: [ 0.50545103  0.68620244 -2.25177456  2.6356537   0.45088598 -0.41763453
  1.01668424 -0.20174346 -0.69663055  2.72645962  2.27457861 -0.72309499
  1.17393137]
    Weight (w): [ 0.14624079  0.34145243  0.06401008  0.01051145  0.17755784 -0.16996356
  0.12718214  0.0652013   0.04963776  0.01396923  0.22085566  0.04608471
  0.11730942]
    Xi: 0.198476
    Gamma: 1.000000
    QP Objective: 2.6869417979265204

  Function 16:
    Center: [ 0.17299446  0.68620244 -1.20852121 -0.0961698  -0.49704721 -0.41763453
  1.01668424  0.58644339 -0.69663055 -0.89686172 -0.97635214 -0.72309499
  1.17393137]
    Weight (w): [-0.01828327  0.63969784  0.2945744   0.10969571  0.02025585 -0.35950651
  0.21829824 -0.16044503 -0.19058966 -0.03185703  0.2148315   0.13597932
  0.12639828]
    Xi: 0.223945
    Gamma: 1.000000
    QP Objective: 2.2991104163122884

  Function 17:
    Center: [-1.26765071  0.68620244  0.87798549  1.04208999  0.00593775 -0.41763453
 -0.99674925  0.93674865 -0.69663055  0.39718162 -0.97635214 -0.72309499
 -0.89852225]
    Weight (w): [-0.0883335   0.77726881  0.40119256  0.18666216  0.15415834 -0.59037546
 -0.13223842  0.01515938 -0.09684128  0.11494125  0.00712135  0.01893698
 -0.04152078]
    Xi: 0.325229
    Gamma: 1.000000
    QP Objective: 2.3907885191537463

  Function 18:
    Center: [ 0.28381332  0.68620244  0.87798549 -1.2344296  -0.88395872 -0.41763453
 -0.99674925 -1.03371847  1.43548113  0.39718162  0.64911323 -0.72309499
  0.65581797]
    Weight (w): [-0.20501945  0.2750992   0.49611832  0.09261006  0.20143594 -0.27150259
 -0.13148054 -0.34579503  0.19823092  0.07234311  0.31376382  0.31693681
  0.41157294]
    Xi: 0.303599
    Gamma: 1.000000
    QP Objective: 2.7275310927003398

  Function 19:
    Center: [-0.27028098  0.68620244 -2.25177456  1.15591597  0.99256209  2.394438
 -0.99674925  1.24326576 -0.69663055  0.13837295  0.64911323 -0.72309499
  1.17393137]
    Weight (w): [ 0.04482712  0.68665631  0.27848832  0.29262591  0.10259965 -0.13791934
 -0.15976118 -0.21040317  0.08674848  0.17433823  0.35293388 -0.06236319
  0.10983255]
    Xi: 0.150316
    Gamma: 1.000000
    QP Objective: 2.2095481875823935

  Function 20:
    Center: [ 0.28381332 -1.4572959   0.87798549 -0.20999578  1.08928997 -0.41763453
  1.01668424  0.41129075 -0.69663055 -0.89686172 -0.97635214  0.35255377
 -0.89852225]
    Weight (w): [-0.24547689  0.57844201  0.42983492  0.44706559  0.12562683 -0.43696812
 -0.03065967  0.02760474  0.13672305  0.15331648  0.07906468  0.32867903
 -0.05792656]
    Xi: 0.147744
    Gamma: 1.000000
    QP Objective: 2.2473892710198666

  Function 21:
    Center: [ 0.28381332  0.68620244  0.87798549  0.01765618 -0.76788526 -0.41763453
 -0.99674925  0.80538418  1.43548113 -0.89686172 -0.97635214 -0.72309499
  1.17393137]
    Weight (w): [-1.94650572e-01 -1.52502030e-10  6.95513787e-01  2.35723297e-01
  1.43961375e-01 -5.39732921e-01 -2.57454515e-01  9.67491130e-02
  1.14057292e-03  4.94255594e-02 -6.61176618e-02  3.31543601e-01
  1.39940070e-01]
    Xi: 0.315079
    Gamma: 1.000000
    QP Objective: 2.3970500262852417

  Function 22:
    Center: [-0.27028098  0.68620244 -1.20852121  0.13148215 -0.88395872 -0.41763453
 -0.99674925  0.36750259 -0.69663055 -0.20670527 -0.97635214  0.35255377
 -0.89852225]
    Weight (w): [ 6.93189991e-02 -1.20491691e-10  3.74221150e-01  2.14434497e-01
  2.85351818e-03 -3.70671572e-01 -2.37656796e-01  1.77073158e-01
 -3.00225012e-01 -2.38679036e-02  2.34079633e-01  1.19377943e-01
 -2.47744676e-01]
    Xi: 0.259711
    Gamma: 1.000000
    QP Objective: 2.236525738252298

  Function 23:
    Center: [-0.38109984  0.68620244 -0.16526786 -2.14503743 -0.38097376 -0.41763453
 -0.99674925  0.19234996  1.43548113 -0.89686172 -0.97635214  0.35255377
  1.17393137]
    Weight (w): [-2.41025356e-01 -4.57854926e-11  6.42789693e-01  2.22617178e-01
 -1.69239576e-01 -2.68867883e-01  4.81995679e-02  1.60851483e-02
  1.32986102e-01  1.50228558e-01  2.31073868e-01 -9.51855646e-02
 -1.52625460e-01]
    Xi: 0.164218
    Gamma: 1.000000
    QP Objective: 2.1941912278927465

  Function 24:
    Center: [ 0.83790761  0.68620244 -0.16526786 -0.0961698  -0.30359146 -0.41763453
 -0.99674925 -0.1579553  -0.69663055  0.65599028  0.64911323  2.50385129
  1.17393137]
    Weight (w): [ 0.03415186 -0.26336534  0.32979517 -0.14043467 -0.20804995 -0.53802698
  0.03458936  0.13717106  0.11949841  0.21048197  0.43444482  0.18937158
  0.43522826]
    Xi: 0.349299
    Gamma: 1.000000
    QP Objective: 2.5612918835062946

  Function 25:
    Center: [-0.15946212  0.68620244  0.87798549  0.58678607 -0.40031933 -0.41763453
  1.01668424 -1.69054084  1.43548113 -0.89686172 -0.97635214 -0.72309499
  1.17393137]
    Weight (w): [-5.90598305e-02 -7.07568011e-13  9.09529515e-01  1.36312538e-01
  1.10902162e-01 -1.08586834e+00  4.86016068e-01  6.80008993e-02
  8.05527879e-01 -1.44688444e-01  1.33692757e-01  1.89360759e-01
  3.50910623e-01]
    Xi: 0.466817
    Gamma: 1.000000
    QP Objective: 2.142456714352799

  Function 26:
    Center: [-0.27028098  0.68620244  0.87798549 -1.34825558 -0.2649003   2.394438
 -0.99674925 -0.11416714 -0.69663055 -0.81059216 -0.97635214  2.50385129
  1.17393137]
    Weight (w): [ 0.46145168 -0.00714682  0.69590674 -0.0674116  -1.00297958 -0.15093621
  0.03154444 -0.10438888  0.364043   -0.35341405  0.14151649  0.25376967
  0.19754766]
    Xi: 0.283901
    Gamma: 1.000000
    QP Objective: 1.3082154855920562

  Function 27:
    Center: [-0.04864326  0.68620244 -0.16526786 -0.6652997   0.21873908 -0.41763453
  1.01668424 -0.11416714 -0.69663055 -0.55178349  0.64911323 -0.72309499
  1.17393137]
    Weight (w): [ 5.88373622e-02 -8.00455076e-10  2.22470117e-02  1.04851577e-01
 -1.16614840e-01  9.18325024e-10 -2.45230694e-09  4.65927408e-02
  3.66859769e-09  1.83967129e-03 -1.22928277e-09  2.36241381e-01
 -1.14169777e-09]
    Xi: 0.628784
    Gamma: 1.000000
    QP Objective: 0.14819030991063903

------------------------------

--- VNS-RPCF ---
Training Time:       6.7190 s
Test Time:           0.0001 s
Training Accuracy:   0.9231
Test Accuracy:       0.8000
Functions (Centers): 27
Solved Subproblems:  393

Model Parameters (Functions):
  Function 1:
    Center: [-1.04601299  0.68620244  0.87798549 -0.94986465  0.25743023 -0.41763453
  1.01668424  1.54978286 -0.69663055 -0.89686172 -0.97635214 -0.72309499
 -0.89852225]
    Weight (w): [-0.02900692  0.46941624  0.46305497  0.11080458  0.24166825 -0.64406049
  0.38679981 -0.22041667 -0.10764321 -0.0860384   0.00198852  0.66805622
  0.34942501]
    Xi: 0.253984
    Gamma: 1.000000
    QP Objective: 2.0789944860261103

  Function 2:
    Center: [ 0.28381332 -1.4572959   0.87798549 -0.20999578  1.08928997 -0.41763453
  1.01668424  0.41129075 -0.69663055 -0.89686172 -0.97635214  0.35255377
 -0.89852225]
    Weight (w): [-0.04276152  0.36969998  0.19453291  0.10878588  0.03264422 -0.24706776
  0.18626447 -0.043784    0.14654901 -0.35507224  0.31146347  0.32566177
  0.04742486]
    Xi: 0.182458
    Gamma: 1.000000
    QP Objective: 2.733430677841941

  Function 3:
    Center: [ 0.28381332  0.68620244  0.87798549  0.01765618 -0.76788526 -0.41763453
 -0.99674925  0.80538418  1.43548113 -0.89686172 -0.97635214 -0.72309499
  1.17393137]
    Weight (w): [-0.23904013  0.14126499  0.43147883  0.1500336   0.14495598 -0.45291594
 -0.10489708 -0.13959632  0.06320283 -0.04736157  0.04272219  0.63168767
  0.29588923]
    Xi: 0.256626
    Gamma: 1.000000
    QP Objective: 2.655106023124249

  Function 4:
    Center: [-1.48928843  0.68620244 -1.20852121  0.18839514 -0.84526757 -0.41763453
 -0.99674925 -0.77098952 -0.69663055 -0.89686172  0.64911323 -0.72309499
  0.65581797]
    Weight (w): [-0.01087694  0.22216582  0.00579894  0.01486493  0.24019846 -0.29512739
 -0.11954617  0.06683958 -0.03887846  0.20275926 -0.07306332  0.01770834
  0.37738851]
    Xi: 0.213026
    Gamma: 1.000000
    QP Objective: 2.4759499988328435

  Function 5:
    Center: [ 0.28381332  0.68620244 -0.16526786  1.04208999 -2.33487687  2.394438
 -0.99674925  1.02432497 -0.69663055 -0.7243226  -0.97635214  0.35255377
  1.17393137]
    Weight (w): [ 0.01076694  0.24997015  0.17062253  0.03966174  0.29824891 -0.26488222
  0.14102415  0.07086759  0.05984732  0.0621547   0.02360023  0.37124051
  0.17402305]
    Xi: 0.086025
    Gamma: 1.000000
    QP Objective: 2.381676213213534

  Function 6:
    Center: [-0.15946212  0.68620244 -0.16526786 -0.0961698  -0.01340782  2.394438
  1.01668424  1.02432497 -0.69663055 -0.89686172 -0.97635214  2.50385129
 -0.89852225]
    Weight (w): [ 9.92635502e-03  6.09855076e-01  8.46063420e-02 -5.74586311e-02
  1.19072377e-01  2.21318417e-03  1.86361484e-01 -8.86488727e-02
  7.53697229e-02  1.33901600e-03  4.39638312e-04  3.37439209e-01
  5.28984341e-02]
    Xi: 0.234900
    Gamma: 1.000000
    QP Objective: 2.6788912238806026

  Function 7:
    Center: [ 0.39463218 -1.4572959   0.87798549 -1.80355949  0.02528333 -0.41763453
  1.01668424 -1.2088711  -0.69663055 -0.03416616  0.64911323 -0.72309499
 -0.89852225]
    Weight (w): [-0.07299888  0.22410945  0.22184262  0.13487556  0.13233082 -0.16705613
 -0.03015804 -0.1328427   0.11070156  0.04774847  0.03127784  0.25129129
  0.12141186]
    Xi: 0.126987
    Gamma: 1.000000
    QP Objective: 2.2869807616611837

  Function 8:
    Center: [-1.37846957  0.68620244 -2.25177456  0.92826401 -0.05209898 -0.41763453
  1.01668424  1.24326576 -0.69663055 -0.20670527 -0.97635214  1.42820253
 -0.89852225]
    Weight (w): [-0.0645364   0.3964206   0.00861122  0.03618265  0.1048324  -0.13518475
  0.10558092  0.09891469 -0.31682034 -0.00341241 -0.1286397   0.17281848
 -0.03364351]
    Xi: 0.238304
    Gamma: 1.000000
    QP Objective: 2.5330140295178274

  Function 9:
    Center: [-0.93519414 -1.4572959  -0.16526786  0.58678607 -1.34825253 -0.41763453
  1.01668424  0.45507891  1.43548113  0.31091206  2.27457861 -0.72309499
 -0.89852225]
    Weight (w): [-0.09385586  0.01262177  0.31190801  0.1339426   0.05084538 -0.12447472
  0.14280786 -0.0323756   0.03154294  0.10242582  0.2321774   0.01213363
  0.02979061]
    Xi: 0.200157
    Gamma: 1.000000
    QP Objective: 2.3248909761644154

  Function 10:
    Center: [ 1.05954533  0.68620244  0.87798549 -0.20999578  0.31546696 -0.41763453
 -0.99674925 -1.95326979  1.43548113 -0.7243226   0.64911323  0.35255377
  1.17393137]
    Weight (w): [-0.33298665 -0.36788403  0.37125761  0.09844216 -0.08756735 -0.06899
  0.12685736 -0.29165891  0.11361354  0.307193   -0.18846965  0.5786835
  0.51400928]
    Xi: 0.288711
    Gamma: 1.000000
    QP Objective: 2.994166212563942

  Function 11:
    Center: [-0.38109984  0.68620244 -0.16526786 -1.80355949 -0.47770163 -0.41763453
 -0.99674925 -0.28931978  1.43548113  0.13837295  0.64911323 -0.72309499
 -0.89852225]
    Weight (w): [-0.08210495  0.17788596  0.32248099  0.04047017 -0.15576922 -0.13424277
 -0.19965802 -0.23860826  0.13755558  0.07047032  0.31732697  0.08224096
  0.01493931]
    Xi: 0.253535
    Gamma: 1.000000
    QP Objective: 2.4373498284553254

  Function 12:
    Center: [-0.27028098  0.68620244 -1.20852121  0.13148215 -0.88395872 -0.41763453
 -0.99674925  0.36750259 -0.69663055 -0.20670527 -0.97635214  0.35255377
 -0.89852225]
    Weight (w): [-0.01165482  0.47342734  0.24383952 -0.0263654  -0.03192616 -0.23911381
 -0.2050127   0.03724709 -0.18425827 -0.09538512  0.18782019  0.20628577
 -0.05655909]
    Xi: 0.221125
    Gamma: 1.000000
    QP Objective: 2.403538173541387

  Function 13:
    Center: [ 0.28381332  0.68620244  0.87798549 -1.2344296  -0.88395872 -0.41763453
 -0.99674925 -1.03371847  1.43548113  0.39718162  0.64911323 -0.72309499
  0.65581797]
    Weight (w): [-0.31481596  0.03207934  0.42780935 -0.06100856 -0.01663775 -0.26131147
 -0.04066032 -0.29722217  0.25014251 -0.00282236  0.16611045  0.38225669
  0.33904045]
    Xi: 0.307696
    Gamma: 1.000000
    QP Objective: 2.855420127499267

  Function 14:
    Center: [ 1.28118305 -1.4572959  -2.25177456  1.04208999 -0.40031933 -0.41763453
 -0.99674925 -1.55917636 -0.69663055  1.34614673  2.27457861 -0.72309499
 -0.89852225]
    Weight (w): [ 0.11476673  0.39491267  0.093198    0.17731831  0.01581996 -0.2633929
 -0.19780707 -0.16021559  0.24765794  0.11427965  0.31305122  0.29406131
  0.08818708]
    Xi: 0.153133
    Gamma: 1.000000
    QP Objective: 2.416552586056807

  Function 15:
    Center: [ 1.28118305  0.68620244  0.87798549  1.61121989 -0.36162818 -0.41763453
  1.01668424 -0.50826057 -0.69663055  1.08733806 -0.97635214 -0.72309499
  0.65581797]
    Weight (w): [ 0.01118827  0.45007909  0.29941435  0.09495626 -0.2173139  -0.19194897
  0.22402071 -0.05948135  0.08599022 -0.07572258  0.26656962  0.20303395
  0.25872818]
    Xi: 0.237308
    Gamma: 1.000000
    QP Objective: 2.446054361461146

  Function 16:
    Center: [-1.48928843  0.68620244 -0.16526786 -0.0961698  -0.63246624 -0.41763453
  1.01668424  0.80538418 -0.69663055  0.82852939  0.64911323 -0.72309499
 -0.89852225]
    Weight (w): [ 0.02893925  0.46298749  0.29449829 -0.07791917 -0.04266192 -0.26273724
  0.07161829 -0.02557525 -0.09491851  0.06269285  0.33523728  0.08178938
  0.13390549]
    Xi: 0.220596
    Gamma: 1.000000
    QP Objective: 2.464472428129212

  Function 17:
    Center: [ 0.39463218  0.68620244 -0.16526786 -1.51899455 -0.12948128 -0.41763453
  1.01668424  0.19234996  1.43548113 -0.37924438  0.64911323 -0.72309499
  1.17393137]
    Weight (w): [-0.16583454  0.07004316  0.3420892   0.20067269 -0.24612146 -0.06808715
  0.15317317 -0.0933438  -0.02013719  0.05027216  0.27989151  0.4012737
  0.39280655]
    Xi: 0.213235
    Gamma: 1.000000
    QP Objective: 2.6556145157650564

  Function 18:
    Center: [ 1.05954533  0.68620244 -2.25177456  2.18034978 -0.38097376 -0.41763453
  1.01668424  0.23613812 -0.69663055 -0.37924438  0.64911323 -0.72309499
  1.17393137]
    Weight (w): [-0.04420173  0.45098435  0.37261281  0.09813317  0.07759331 -0.23934629
  0.04556119 -0.1236592   0.14701614  0.0415943   0.35270837  0.18099212
  0.23103265]
    Xi: 0.140760
    Gamma: 1.000000
    QP Objective: 2.5684253073402816

  Function 19:
    Center: [ 1.17036419  0.68620244  0.87798549 -0.6652997  -1.34825253 -0.41763453
 -0.99674925 -0.42068425 -0.69663055 -0.55178349 -0.97635214 -0.72309499
  1.17393137]
    Weight (w): [-0.04819606  0.53075325  0.32929797 -0.04944552 -0.25322537 -0.25401694
 -0.0544313  -0.08364852  0.07150188 -0.27752581  0.28068089  0.23924649
  0.38099633]
    Xi: 0.293399
    Gamma: 1.000000
    QP Objective: 2.5450389320499696

  Function 20:
    Center: [-1.04601299  0.68620244  0.87798549 -1.57590754 -0.74853969 -0.41763453
  1.01668424 -0.07037899  1.43548113  1.69122495  0.64911323 -0.72309499
 -0.89852225]
    Weight (w): [ 0.00541143  0.13330489  0.27805673 -0.10386019 -0.21686234  0.0351849
  0.07196889 -0.30754481  0.09583595  0.03514664  0.05617028  0.16642014
  0.17279842]
    Xi: 0.228073
    Gamma: 1.000000
    QP Objective: 2.6907414861274375

  Function 21:
    Center: [-1.26765071  0.68620244  0.87798549  1.04208999  0.00593775 -0.41763453
 -0.99674925  0.93674865 -0.69663055  0.39718162 -0.97635214 -0.72309499
 -0.89852225]
    Weight (w): [-0.23484992  0.14700818  0.20011787 -0.01807812 -0.46781945 -0.30645654
  0.05937504 -0.15702025  0.09311025 -0.1498022   0.08406996  0.14539206
  0.09721255]
    Xi: 0.184664
    Gamma: 1.000000
    QP Objective: 2.485663602158073

  Function 22:
    Center: [ 1.05954533 -1.4572959   0.87798549  2.74947968  1.51489263 -0.41763453
 -0.99674925  0.19234996  1.43548113 -0.89686172 -0.97635214 -0.72309499
 -0.89852225]
    Weight (w): [ 0.15266614 -0.25939679  0.48156612  0.11608773 -0.15809223 -0.3258088
 -0.01483642 -0.03196453  0.33953762 -0.05283952 -0.06281924 -0.18105713
 -0.18492137]
    Xi: 0.289315
    Gamma: 1.000000
    QP Objective: 2.561119112145381

  Function 23:
    Center: [-0.15946212  0.68620244  0.87798549  0.58678607 -0.40031933 -0.41763453
  1.01668424 -1.69054084  1.43548113 -0.89686172 -0.97635214 -0.72309499
  1.17393137]
    Weight (w): [ 1.40153347e-01 -4.69787952e-10  7.94233713e-01  1.26146985e-01
  7.55585141e-02 -3.35787010e-01  3.45896607e-01 -1.03651701e-01
  3.90858240e-01 -2.53035748e-01 -6.79574383e-02 -1.59839190e-01
  3.07864704e-01]
    Xi: 0.422345
    Gamma: 1.000000
    QP Objective: 2.788071939533176

  Function 24:
    Center: [-0.04864326  0.68620244 -0.16526786 -0.6652997   0.21873908 -0.41763453
  1.01668424 -0.11416714 -0.69663055 -0.55178349  0.64911323 -0.72309499
  1.17393137]
    Weight (w): [ 9.13121916e-02 -5.38860499e-11  2.90268093e-01  4.76197208e-02
 -3.31308143e-01 -2.54708979e-01  3.52086169e-01 -2.92843123e-01
 -1.78408355e-01 -7.62183913e-02 -2.19373585e-02 -2.05592127e-01
  2.86737252e-01]
    Xi: 0.335263
    Gamma: 1.000000
    QP Objective: 2.6915262657811923

  Function 25:
    Center: [ 0.83790761  0.68620244 -0.16526786 -0.0961698  -0.30359146 -0.41763453
 -0.99674925 -0.1579553  -0.69663055  0.65599028  0.64911323  2.50385129
  1.17393137]
    Weight (w): [ 0.38510465 -0.00915512  0.19601076  0.01399746 -0.08562127 -0.12309441
  0.35464146 -0.4437517   0.05650992  0.05430032 -0.078539   -0.36062464
  0.14777671]
    Xi: 0.177881
    Gamma: 1.000000
    QP Objective: 2.49597583408642

  Function 26:
    Center: [ 0.50545103  0.68620244 -2.25177456  2.6356537   0.45088598 -0.41763453
  1.01668424 -0.20174346 -0.69663055  2.72645962  2.27457861 -0.72309499
  1.17393137]
    Weight (w): [ 0.51527869 -0.02029968  0.08490226  0.19984959  0.03914633 -0.44963306
  0.6810347  -0.40000638 -0.15677452  0.25477787  0.07892175 -0.5646299
  0.51155731]
    Xi: 0.350061
    Gamma: 1.000000
    QP Objective: 1.9538141877991304

  Function 27:
    Center: [-0.27028098  0.68620244  0.87798549 -1.34825558 -0.2649003   2.394438
 -0.99674925 -0.11416714 -0.69663055 -0.81059216 -0.97635214  2.50385129
  1.17393137]
    Weight (w): [ 5.59446255e-01 -9.87498912e-13  6.12143713e-01  5.33579470e-01
  1.13815581e-01  2.30729425e-01  2.38344860e-01  1.84695603e-01
 -4.52186419e-01  3.25786718e-01  1.37195761e-11 -2.26511366e-01
 -4.96256626e-02]
    Xi: 0.234021
    Gamma: 1.000000
    QP Objective: 0.29689165478643165

------------------------------

--- Original PCF ---
Training Time:       0.2185 s
Test Time:           0.0002 s
Training Accuracy:   1.0000
Test Accuracy:       0.7000
Functions (Centers): 43
Solved Subproblems:  43

Model Parameters (Functions):
  Function 1:
    Center: [ 0.28381332 -1.4572959   0.87798549 -0.6652997   2.07591432 -0.41763453
 -0.99674925  0.58644339  1.43548113 -0.37924438 -0.97635214 -0.72309499
 -0.89852225]
    Weight (w): [ 0.97282127 -0.34310533  1.11272569 -0.56807435  1.46786017 -1.54680951
 -0.72520976 -0.27429843  0.95673518 -0.63850831 -0.34501731  0.22944941
 -0.56642024]
    Xi: 0.908256
    Gamma: 1.000000
    QP Objective: 286.6508204866608

  Function 2:
    Center: [ 0.0621756   0.68620244 -1.20852121 -0.0961698   0.29612138 -0.41763453
 -0.99674925  0.23613812 -0.69663055 -0.89686172 -0.97635214 -0.72309499
 -0.89852225]
    Weight (w): [-0.3482729  -0.10665994 -0.27225934 -0.1825686  -0.51737056 -0.30230039
 -0.25715973  0.03503121 -0.23573793 -0.09204926 -0.99995034  0.1241249
  0.26749063]
    Xi: 0.424122
    Gamma: 1.000000
    QP Objective: 252.4162592440603

  Function 3:
    Center: [ 0.39463218  0.68620244 -1.20852121 -0.38073475 -0.51639278 -0.41763453
 -0.99674925 -0.24553162 -0.69663055 -0.55178349  0.64911323  0.
  1.17393137]
    Weight (w): [ 0.27332359 -0.05502718  0.20622505 -0.24498774  0.64735098 -0.30644104
 -0.0150862   0.25369506 -0.07632656  0.31003482 -0.29945932  0.37417191
  0.94663545]
    Xi: 0.381833
    Gamma: 1.000000
    QP Objective: 284.5960999502834

  Function 4:
    Center: [-0.15946212 -1.4572959  -0.16526786 -0.20999578 -0.59377509 -0.41763453
  1.01668424 -1.51538821 -0.69663055 -0.89686172 -0.97635214 -0.72309499
  0.        ]
    Weight (w): [ 1.15074403e-01  1.74647795e-01  1.53188827e-01 -8.48915177e-02
  2.41691725e-01 -3.78191715e-01  9.17681004e-02 -5.31404831e-02
 -1.34533580e-01 -2.36537259e-01  1.80237250e-01  2.60923298e-01
  2.05561547e-04]
    Xi: 0.194458
    Gamma: 1.000000
    QP Objective: 186.99350753809023

  Function 5:
    Center: [ 0.94872647  0.68620244 -2.25177456  0.75752504 -0.2649003   2.394438
  1.01668424  0.01719733 -0.69663055  1.08733806  2.27457861 -0.72309499
  0.65581797]
    Weight (w): [ 0.34879958  0.57789119 -0.05834545  0.10402071  0.18504264 -0.07432481
  0.15352356 -0.04900962 -0.05664961  0.26952671  0.31149516  0.67138512
  0.14194926]
    Xi: 0.268507
    Gamma: 1.000000
    QP Objective: 197.80425580725642

  Function 6:
    Center: [-0.82437528  0.68620244  0.87798549 -1.12060362 -0.82592199 -0.41763453
 -0.99674925 -0.28931978 -0.69663055 -0.81059216 -0.97635214 -0.72309499
 -0.89852225]
    Weight (w): [-0.23139666  1.36118357  0.60316115 -1.00439316  0.69802927 -1.18624408
 -0.79874597  0.01056348  0.10431321 -0.42324108 -0.3986434  -0.35212239
 -0.39903403]
    Xi: 0.731628
    Gamma: 1.000000
    QP Objective: 242.32420626601777

  Function 7:
    Center: [-0.04864326 -1.4572959  -0.16526786 -1.34825558  0.39284926 -0.41763453
  1.01668424  0.76159602 -0.69663055 -0.89686172 -0.97635214 -0.72309499
 -0.89852225]
    Weight (w): [-0.10273907  0.26051618  0.32752715 -0.06388397  0.49731264 -0.51875131
  0.04736274 -0.01563965 -0.59082326 -0.49711504  0.40432165  0.34725615
 -0.30887434]
    Xi: 0.277161
    Gamma: 1.000000
    QP Objective: 189.1990789596898

  Function 8:
    Center: [-0.04864326  0.68620244 -1.20852121 -1.34825558  1.20536342 -0.41763453
 -0.99674925  0.27992628 -0.69663055 -0.89686172 -0.97635214 -0.72309499
  1.17393137]
    Weight (w): [-0.11560643 -0.00610056  0.46829433  0.34515979 -0.6325486   0.01133098
 -0.30300446 -0.59176248 -0.72474126  0.17408545 -0.16010247 -0.14183666
  0.34079536]
    Xi: 0.227713
    Gamma: 1.000000
    QP Objective: 230.23238786605887

  Function 9:
    Center: [ 0.28381332  0.68620244  0.87798549  0.01765618 -0.76788526 -0.41763453
 -0.99674925  0.80538418  1.43548113 -0.89686172 -0.97635214 -0.72309499
  1.17393137]
    Weight (w): [-1.41799652e-02  1.92115627e-01  5.75051236e-01  5.44084534e-02
  1.49838506e-01 -6.82768122e-01 -5.22521215e-01 -4.30510673e-01
  1.38288191e-01 -8.16008389e-05 -2.77684390e-01  8.53008252e-01
  5.24781264e-01]
    Xi: 0.398618
    Gamma: 1.000000
    QP Objective: 202.0749405019175

  Function 10:
    Center: [ 0.39463218  0.68620244 -0.16526786 -1.51899455 -0.12948128 -0.41763453
  1.01668424  0.19234996  1.43548113 -0.37924438  0.64911323 -0.72309499
  1.17393137]
    Weight (w): [-0.28088349  0.17752179  0.40366997  0.41563581  0.05014929 -0.16567387
 -0.27301047 -0.17363806 -0.15389404  0.04861905  0.11551588  0.86788275
  0.15508452]
    Xi: 0.123787
    Gamma: 1.000000
    QP Objective: 176.93147922351778

  Function 11:
    Center: [-1.48928843  0.68620244 -0.16526786 -0.0961698  -0.63246624 -0.41763453
  1.01668424  0.80538418 -0.69663055  0.82852939  0.64911323 -0.72309499
 -0.89852225]
    Weight (w): [-0.13512553  0.69187452 -0.13162743 -0.34671197 -0.11894603 -0.55114163
  0.37408606  0.52880634 -0.43358495  0.29593633  0.70573327 -0.41547366
 -0.21420022]
    Xi: 0.527208
    Gamma: 1.000000
    QP Objective: 155.08508879236484

  Function 12:
    Center: [ 1.83527735 -1.4572959   0.87798549 -1.12060362 -1.88992864 -0.41763453
 -0.99674925 -1.07750662 -0.69663055  0.48345117  0.64911323 -0.72309499
 -0.89852225]
    Weight (w): [ 0.09834827  0.35252309  0.15271161 -0.05871328  0.24521575 -0.1849196
  0.10192968 -0.24189498  0.34070062 -0.1869246   0.42189936  0.10679618
 -0.13832072]
    Xi: 0.158910
    Gamma: 1.000000
    QP Objective: 133.9281303219906

  Function 13:
    Center: [ 1.28118305 -1.4572959  -0.16526786  0.81443803  0.60565059 -0.41763453
  1.01668424  0.10477365 -0.69663055 -0.89686172  0.64911323  0.35255377
 -0.89852225]
    Weight (w): [-0.08816703 -0.50274923 -0.01380654  0.11948543 -0.33228939 -0.12091898
  0.5342779   0.11127587 -0.1107166  -0.03749115  0.04947186 -0.01236925
  0.09360884]
    Xi: 0.344669
    Gamma: 1.000000
    QP Objective: 143.87069979833365

  Function 14:
    Center: [ 0.94872647 -1.4572959  -1.20852121  0.47296009 -1.00003217 -0.41763453
 -0.99674925  1.28705392 -0.69663055 -0.89686172 -0.97635214  1.42820253
 -0.89852225]
    Weight (w): [ 0.10392622  0.82050671  0.04880903  0.2370136   0.50611698 -0.32473685
  0.30897093 -0.16236445  0.35227461 -0.57239418  0.56394676  0.48967416
 -0.14462851]
    Xi: 0.108460
    Gamma: 1.000000
    QP Objective: 142.68028015096326

  Function 15:
    Center: [ 1.17036419 -1.4572959  -0.16526786  0.47296009  3.29468556  2.394438
  1.01668424  0.32371444 -0.69663055 -0.20670527 -0.97635214  0.35255377
 -0.89852225]
    Weight (w): [ 0.20262051 -0.3766228   0.10773163 -0.0500835   0.08804461  0.27245785
  0.47112867  0.26050101 -0.28541332 -0.16165108 -0.1085402   0.34380415
 -0.12441218]
    Xi: 0.337551
    Gamma: 1.000000
    QP Objective: 123.92120406438161

  Function 16:
    Center: [-1.48928843  0.68620244 -0.16526786 -1.12060362  0.06397448 -0.41763453
 -0.99674925  1.28705392 -0.69663055 -0.89686172 -0.97635214 -0.72309499
 -0.89852225]
    Weight (w): [-0.57471922  0.42087957 -0.24191248 -0.74456105 -0.48679326 -0.80057075
 -0.67230582 -0.55039321 -0.67270122 -0.61399786 -0.832266   -0.63889565
 -0.22189543]
    Xi: 0.676841
    Gamma: 1.000000
    QP Objective: 149.45686238367546

  Function 17:
    Center: [ 1.28118305  0.68620244  0.87798549  1.61121989 -0.36162818 -0.41763453
  1.01668424 -0.50826057 -0.69663055  1.08733806 -0.97635214 -0.72309499
  0.65581797]
    Weight (w): [ 0.22229805  0.87004211  0.39064511  0.43887243  0.26176325 -0.24175425
  0.48121903  0.30110832 -0.01832417 -0.12773489  0.19981871 -0.07380389
  0.41369524]
    Xi: 0.419658
    Gamma: 1.000000
    QP Objective: 101.09685084680528

  Function 18:
    Center: [-1.37846957 -1.4572959   0.87798549 -1.68973352  0.35415811 -0.41763453
  1.01668424 -1.2088711  -0.69663055 -0.37924438  0.64911323 -0.72309499
 -0.89852225]
    Weight (w): [-0.38295116 -0.1030295   0.29322513 -0.24439634  0.17634191 -0.43388945
  0.29188807 -0.03304128 -0.00750021 -0.29773616  0.27723341 -0.08254427
 -0.06110851]
    Xi: 0.383347
    Gamma: 1.000000
    QP Objective: 91.90382717691246

  Function 19:
    Center: [-1.26765071  0.68620244 -0.16526786 -0.0961698   1.32143688 -0.41763453
 -0.99674925  0.54265523 -0.69663055  0.74225984 -0.97635214  0.35255377
 -0.89852225]
    Weight (w): [-0.21416799  0.36934312  0.26732331 -0.03462353 -0.02252971 -0.18057733
 -0.29005847  0.14118966 -0.32171557 -0.07805693 -0.13911784  0.09479164
 -0.13768018]
    Xi: 0.329447
    Gamma: 1.000000
    QP Objective: 86.40507795357786

  Function 20:
    Center: [ 1.72445849  0.68620244 -1.20852121  1.38356793 -0.0327534  -0.41763453
  1.01668424 -0.28931978 -0.69663055 -0.89686172 -0.97635214 -0.72309499
 -0.89852225]
    Weight (w): [-0.1678384   0.41198074 -0.1662849   0.56825573 -0.2943902  -0.48071434
  0.31831229  0.09146729 -0.29336912 -0.42172251 -0.51581103 -0.04739247
  0.01433723]
    Xi: 0.451367
    Gamma: 1.000000
    QP Objective: 94.27913209443332

  Function 21:
    Center: [ 1.83527735 -1.4572959  -1.20852121  1.61121989  1.0699444  -0.41763453
 -0.99674925  0.54265523 -0.69663055 -0.55178349 -0.97635214  1.42820253
 -0.89852225]
    Weight (w): [ 0.17174053 -0.44942306 -0.213785    0.25194858 -0.00171637 -0.25366234
 -0.10184765  0.31282101 -0.27546892 -0.14606016 -0.52981601  0.20975274
 -0.178349  ]
    Xi: 0.411382
    Gamma: 1.000000
    QP Objective: 87.333470625794

  Function 22:
    Center: [ 0.28381332  0.68620244  0.87798549 -1.2344296  -0.88395872 -0.41763453
 -0.99674925 -1.03371847  1.43548113  0.39718162  0.64911323 -0.72309499
  0.65581797]
    Weight (w): [-0.27584455 -0.52047915  0.37225139 -0.28424509 -0.07724245 -0.14566013
  0.05063556 -0.42102704  0.19049267  0.23333694 -0.07711083  0.10316393
  0.48790766]
    Xi: 0.363468
    Gamma: 1.000000
    QP Objective: 87.45998720006601

  Function 23:
    Center: [-0.04864326  0.68620244 -0.16526786  1.04208999 -0.28424588 -0.41763453
  1.01668424  0.6740197  -0.69663055  0.48345117 -0.97635214 -0.72309499
  1.17393137]
    Weight (w): [ 0.17956276  0.84177812  0.28922234  0.11701135  0.05766955 -0.54373409
  0.23106052  0.21329965 -0.26858321 -0.14228925 -0.05561511  0.02882827
  0.17789753]
    Xi: 0.383124
    Gamma: 1.000000
    QP Objective: 72.98405421107866

  Function 24:
    Center: [ 1.05954533  0.68620244  0.87798549 -0.20999578  0.31546696 -0.41763453
 -0.99674925 -1.95326979  1.43548113 -0.7243226   0.64911323  0.35255377
  1.17393137]
    Weight (w): [ 1.29652086e-01 -2.48527311e-02  5.70685081e-01  6.09045406e-04
 -9.05049706e-02 -3.22537428e-01 -4.41079580e-03 -2.19775880e-01
  4.30345527e-01  2.45908758e-01 -4.18715182e-02  1.94530694e-02
  8.31373615e-01]
    Xi: 0.465854
    Gamma: 1.000000
    QP Objective: 85.51292915647541

  Function 25:
    Center: [-0.38109984  0.68620244 -2.25177456 -0.38073475 -0.65181181 -0.41763453
  1.01668424 -1.07750662  1.43548113  0.31091206 -0.97635214  0.35255377
 -0.89852225]
    Weight (w): [-0.02678605  0.40481968 -0.05191391  0.15254464 -0.24662326 -0.17817669
  0.15763778 -0.18184486  0.23557065 -0.35640756  0.10202936  0.28809227
 -0.02322599]
    Xi: 0.282425
    Gamma: 1.000000
    QP Objective: 65.63177244302425

  Function 26:
    Center: [ 0.83790761 -1.4572959   0.87798549  0.47296009  2.84973733 -0.41763453
  1.01668424  0.32371444 -0.69663055  0.13837295  0.64911323 -0.72309499
 -0.89852225]
    Weight (w): [ 0.44818366 -0.41282287  0.39269405 -0.03764255  0.05155184 -0.23573105
  0.3542742   0.32931761 -0.01254883  0.17701012 -0.13415497 -0.2094294
 -0.00755433]
    Xi: 0.369147
    Gamma: 1.000000
    QP Objective: 65.83090830565462

  Function 27:
    Center: [ 1.17036419  0.68620244  0.87798549 -0.6652997  -1.34825253 -0.41763453
 -0.99674925 -0.42068425 -0.69663055 -0.55178349 -0.97635214 -0.72309499
  1.17393137]
    Weight (w): [-0.03904735  0.70657585  0.20617298 -0.04112611  0.20464705 -0.51592338
 -0.43191687  0.05707754  0.54153092 -0.06006577 -0.2366202  -0.14974374
  0.59432023]
    Xi: 0.416621
    Gamma: 1.000000
    QP Objective: 66.6774450634389

  Function 28:
    Center: [-1.15683185 -1.4572959  -0.16526786 -0.77912568 -0.09079013 -0.41763453
 -0.99674925 -0.02659083 -0.69663055 -0.63805305  0.64911323  0.35255377
 -0.89852225]
    Weight (w): [ 0.62211678  0.172656    0.25695287 -0.2768344   0.02022388 -0.21272232
 -0.12024804  0.29339338 -0.33777541 -0.01557179  0.21308753 -0.18481016
 -0.10003347]
    Xi: 0.222581
    Gamma: 1.000000
    QP Objective: 57.7225091391326

  Function 29:
    Center: [-1.37846957  0.68620244 -2.25177456  0.92826401 -0.05209898 -0.41763453
  1.01668424  1.24326576 -0.69663055 -0.20670527 -0.97635214  1.42820253
 -0.89852225]
    Weight (w): [ 0.46441549  0.5880322  -0.02985103 -0.11920421  0.11753882 -0.21164579
  0.12772348  0.4445944  -0.28449005 -0.1495263  -0.11349705  0.04959602
 -0.26619944]
    Xi: 0.273921
    Gamma: 1.000000
    QP Objective: 55.8351905043767

  Function 30:
    Center: [-0.27028098  0.68620244 -0.16526786  0.35913411 -0.45835606 -0.41763453
 -0.99674925  0.84917233 -0.69663055 -0.89686172 -0.97635214  0.
 -0.89852225]
    Weight (w): [-0.22836454  1.01579505  0.11942319 -0.06833293  0.01233532 -0.64827448
 -0.29938026  0.43657099 -0.5408933  -0.7205766   0.22802616  0.27520597
 -0.47723176]
    Xi: 0.552980
    Gamma: 1.000000
    QP Objective: 57.58038564445375

  Function 31:
    Center: [-0.27028098  0.68620244  0.87798549 -1.34825558 -0.2649003   2.394438
 -0.99674925 -0.11416714 -0.69663055 -0.81059216 -0.97635214  2.50385129
  1.17393137]
    Weight (w): [ 0.00520689  0.81016747  0.67403906 -0.4539177   0.57009723  0.15601611
 -0.2638146   0.28572824 -0.18525579  0.25636425 -0.46539183  0.30259143
  0.31564854]
    Xi: 0.468815
    Gamma: 1.000000
    QP Objective: 50.64862580514492

  Function 32:
    Center: [ 1.61363963  0.68620244 -2.25177456  1.61121989 -0.24555473  2.394438
  1.01668424 -0.81477768 -0.69663055 -0.81059216  0.64911323  0.35255377
 -0.89852225]
    Weight (w): [ 0.3543655  -0.01556648  0.01010329 -0.0241593   0.48046025  0.14244332
  0.29328729  0.07036613 -0.20473838  0.17590804 -0.49717675  0.18391065
  0.06945226]
    Xi: 0.240019
    Gamma: 1.000000
    QP Objective: 46.561549026310935

  Function 33:
    Center: [-0.04864326  0.68620244 -0.16526786 -0.6652997   0.21873908 -0.41763453
  1.01668424 -0.11416714 -0.69663055 -0.55178349  0.64911323 -0.72309499
  1.17393137]
    Weight (w): [ 0.11098181  0.42764909  0.3197091  -0.16012297 -0.13098945 -0.13974499
  0.2146771   0.3568982  -0.67619005 -0.11641937 -0.0761931   0.63151447
  0.84579602]
    Xi: 0.483743
    Gamma: 1.000000
    QP Objective: 49.327872884229585

  Function 34:
    Center: [ 0.50545103  0.68620244 -2.25177456  2.6356537   0.45088598 -0.41763453
  1.01668424 -0.20174346 -0.69663055  2.72645962  2.27457861 -0.72309499
  1.17393137]
    Weight (w): [ 0.0034375   0.74884163 -0.08654221  0.33910292  0.26838579 -0.32349122
  0.37582414  0.22907949 -0.39107399  0.0206111   0.34599756 -0.01927947
  0.26909307]
    Xi: 0.393364
    Gamma: 1.000000
    QP Objective: 42.0738945861072

  Function 35:
    Center: [ 0.28381332 -1.4572959   0.87798549 -0.20999578  1.08928997 -0.41763453
  1.01668424  0.41129075 -0.69663055 -0.89686172 -0.97635214  0.35255377
 -0.89852225]
    Weight (w): [ 0.41213079  0.30639848  0.74554517  0.102845    0.38003627  0.13789686
  0.53524975  0.66340738 -0.82390776  0.05523537  0.58240512 -0.11688401
 -0.28000651]
    Xi: 0.459275
    Gamma: 1.000000
    QP Objective: 39.41279152005546

  Function 36:
    Center: [ 1.05954533 -1.4572959   0.87798549  2.74947968  1.51489263 -0.41763453
 -0.99674925  0.19234996  1.43548113 -0.89686172 -0.97635214 -0.72309499
 -0.89852225]
    Weight (w): [ 0.36102788 -0.83497793  1.09816074  0.79596115  0.27200002 -0.53386441
 -0.59012817 -0.15096235  0.17495447 -0.26253967 -0.32864378 -0.58138151
 -0.57344664]
    Xi: 0.745197
    Gamma: 1.000000
    QP Objective: 32.73028576337202

  Function 37:
    Center: [-1.04601299  0.68620244  0.87798549 -1.57590754 -0.74853969 -0.41763453
  1.01668424 -0.07037899  1.43548113  1.69122495  0.64911323 -0.72309499
 -0.89852225]
    Weight (w): [-0.17625383  0.54401709  0.75083372 -0.54998105  0.21792292 -0.53902235
  0.6831597  -0.40873099  0.19476204  0.50798326  0.49623192 -0.61299461
 -0.508646  ]
    Xi: 0.633758
    Gamma: 1.000000
    QP Objective: 26.22160216733514

  Function 38:
    Center: [-1.48928843  0.68620244 -1.20852121 -1.2344296  -0.22620915 -0.41763453
 -0.99674925  0.1485618  -0.69663055 -0.89686172 -0.97635214 -0.72309499
 -0.89852225]
    Weight (w): [ 0.032847    1.16737326  0.28140984 -0.92715446  1.25712288 -0.85957851
 -0.34836916  0.40989483 -1.02399897 -0.48941522 -0.42133021 -0.60153266
 -0.83254825]
    Xi: 0.694087
    Gamma: 1.000000
    QP Objective: 23.9524175197086

  Function 39:
    Center: [-1.82174501  0.68620244 -0.16526786  0.35913411 -1.38694368 -0.41763453
 -0.99674925  1.02432497 -0.69663055 -0.89686172 -0.97635214  0.
 -0.89852225]
    Weight (w): [ 0.04106807  0.58087467  0.50655157 -0.11986412  0.38720126 -0.49138459
 -0.2557576   0.61415655 -0.39251962 -0.14747046 -0.17762042  0.25610043
 -0.28908844]
    Xi: 0.352285
    Gamma: 1.000000
    QP Objective: 20.646705514364637

  Function 40:
    Center: [ 1.50282077  0.68620244 -0.16526786 -0.77912568  0.58630501 -0.41763453
 -0.99674925  0.06098549 -0.69663055 -0.03416616 -0.97635214  0.35255377
  1.17393137]
    Weight (w): [-0.64352979  0.26388839  0.09652368 -0.08449083 -0.3720501   0.22228483
  0.01955448 -0.46882272 -0.53210653  0.92361228 -0.54716378  0.03378958
  0.19881426]
    Xi: 0.321773
    Gamma: 1.000000
    QP Objective: 17.419276841552154

  Function 41:
    Center: [-0.93519414 -1.4572959   0.87798549  0.35913411 -0.07144455 -0.41763453
  1.01668424  0.10477365  1.43548113 -0.89686172  0.64911323 -0.72309499
 -0.89852225]
    Weight (w): [-0.45834698 -1.05371869  1.36911478  0.1616452  -0.13206492 -0.13531247
  0.62118911 -0.17715659 -0.15348085 -0.12901393  0.5164574  -0.47401883
 -0.67468116]
    Xi: 0.721974
    Gamma: 1.000000
    QP Objective: 11.614893672548398

  Function 42:
    Center: [ 0.50545103  0.68620244  0.87798549  0.18839514 -0.24555473 -0.41763453
 -0.99674925  0.49886707 -0.69663055 -0.46551394  0.64911323 -0.72309499
  1.17393137]
    Weight (w): [-1.02173293 -0.30181079  1.47746244  0.07910961  0.01566192 -0.67325205
 -0.12736696  0.55692623 -1.58557652  0.19689747 -0.32336395 -0.40413434
 -2.80531577]
    Xi: 0.798285
    Gamma: 1.000000
    QP Objective: 10.673328348574422

  Function 43:
    Center: [-0.15946212  0.68620244  0.87798549  0.58678607 -0.40031933 -0.41763453
  1.01668424 -1.69054084  1.43548113 -0.89686172 -0.97635214 -0.72309499
  1.17393137]
    Weight (w): [  -3.31016539  -19.75052184   21.1798132    -5.82703927    8.49925416
    9.23099331   -1.19612452   18.02725244   -8.69213167   37.73482163
    4.08908359  -28.88701065 -252.2594094 ]
    Xi: 0.000000
    Gamma: 1.000000
    QP Objective: 0.0

------------------------------


============================================================
                     END OF REPORT
============================================================
