============================================================
         DETAILED REPORT FOR DATASET: IONOSPHERE
============================================================

==================================================
           BEST HYPERPARAMETERS (Grid Search)
==================================================

  RPCF / VNS-RPCF:
    C (Misclassification Penalty): 1000
    Lambda (Regularization):       0.1
    k_neighbors (VNS):             5

==================================================
           OVERALL STATISTICS (All Seeds & Folds)
==================================================

Model      Mean Test  Std Test  Mean Train  Mean Time  Mean Centers
--------------------------------------------------------------------
RPCF       0.9242     0.0385    1.0000      1.3563     9.1         
VNS-RPCF   0.9191     0.0371    1.0000      14.0012    8.1         
PCF        0.8592     0.0473    1.0000      0.0290     2.1         

==================================================
           STATISTICAL SIGNIFICANCE TESTS
==================================================

Comparison                p-value      Result               Winner              
-----------------------------------------------------------------------------
RPCF vs VNS-RPCF          0.663988     NOT SIG.             No significant dif  
RPCF vs PCF               0.000000     SIGNIFICANT          RPCF                
VNS-RPCF vs PCF           0.000000     SIGNIFICANT          VNS-RPCF            

  Primary Comparison: RPCF vs VNS-RPCF

  Wilcoxon Signed-Rank Test:
    Statistic: 359.5
    p-value:   0.663988

  Paired t-test:
    Statistic: 0.8087
    p-value:   0.422590

  Significance (alpha=0.05): NOT SIGNIFICANT
  Winner: No significant difference

==================================================
           DETAILED RESULTS (Last Run Example)
==================================================

--- Standard RPCF ---
Training Time:       1.2247 s
Test Time:           0.0002 s
Training Accuracy:   1.0000
Test Accuracy:       0.9429
Functions (Centers): 9
Solved Subproblems:  9

Model Parameters (Functions):
  Function 1:
    Center: [-2.86998991  0.         -1.29042961 -0.1006609   0.76847698  1.92134039
 -1.11818968 -0.22953584  0.96407416  1.69437177 -0.84625644 -0.31377589
  0.96442876 -2.21263915 -0.52793468 -0.15540672 -0.61890236  0.00729116
 -0.57467942  0.04634965 -0.55290335 -0.01603297 -0.60121315  0.10899046
 -0.6857975   0.1401952   0.88920842 -1.69408712 -0.65809158  0.05501645
 -2.37005061  1.95731486 -0.66938378 -0.03096227]
    Weight (w): [ 0.67746977 -0.          0.14480087  0.02734433  0.46370462  0.06969128
  0.08587388  0.15797323  0.03533588  0.10056787 -0.21470717 -0.14410162
 -0.07724177 -0.07889805  0.22931224  0.05998591  0.1192044   0.14383098
 -0.23183349  0.11581074  0.08827086 -0.28156123  0.13364563  0.16178683
  0.23125043  0.05409962 -0.61842623 -0.13257766  0.15365105  0.34085589
  0.00795126  0.04328899 -0.05352579 -0.21168547]
    Xi: 0.000000
    Gamma: 1.000000
    QP Objective: 1.2609320735047755

  Function 2:
    Center: [ 0.34843328  0.         -1.32793474 -0.29255959 -1.15785826 -0.25184872
 -1.11818968 -0.22953584 -0.78434644 -0.93021838 -1.65776454 -1.08631317
 -0.64510176 -0.18903253 -1.04421238  0.68795235 -1.2205979   0.31004056
  0.44435869  0.47300329 -0.55290335 -0.01603297 -0.60121315  0.10899046
 -0.94207046  0.114081   -0.65026398  0.08483997 -0.65809158  0.05501645
 -0.32692126  0.47705461 -0.82664977  0.78296705]
    Weight (w): [ 0.29258393 -0.          0.12855998 -0.50655421  0.35851541  0.14727871
  0.22940934  0.26055915 -0.10265933  0.03199874 -0.10603843  0.28714281
 -0.22028823  0.0639889   0.34486629 -0.20048098  0.21455048  0.36172473
 -0.44440752 -0.29702464  0.30879052 -0.64582028 -0.12486507  0.18023679
  0.12930685 -0.03476801 -0.4548286   0.45664385  0.22873152  0.26868059
 -0.04690176 -0.01960951  0.04569985 -0.43858959]
    Xi: 0.000000
    Gamma: 1.000000
    QP Objective: 1.8612806843239582

  Function 3:
    Center: [ 0.34843328  0.         -1.29042961 -0.1006609  -1.15785826 -0.25184872
 -1.11818968 -0.22953584 -2.68957783 -2.44503389 -0.84625644 -0.31377589
  0.96442876 -2.21263915 -0.52793468 -0.15540672 -2.23928192 -2.00861904
 -2.17372241 -1.88290035  1.08924333 -1.94867188 -1.59639182 -1.78960762
  1.04542562  2.10959222 -2.99075478 -0.23753207  1.08084342 -1.91639814
 -0.61772045  1.95731486 -0.66938378 -0.03096227]
    Weight (w): [ 0.41282607 -0.          0.05258753 -0.12156205  0.10190248  0.13977908
 -0.02518203  0.27700253  0.13380159 -0.08615691 -0.28899769 -0.1809528
 -0.1517858  -0.10794185  0.15957522  0.39408765  0.03590962  0.08844614
 -0.01471827  0.03072653  0.16390978 -0.17532042  0.24416955  0.25371555
 -0.24222229 -0.13451652  0.17774531 -0.11944209 -0.01288021  0.1397883
 -0.10750416 -0.10897821 -0.02338195 -0.18743705]
    Xi: 0.000000
    Gamma: 1.000000
    QP Objective: 2.015269028314941

  Function 4:
    Center: [ 0.34843328  0.         -1.25069107 -0.08466745 -1.07907115 -0.2702339
 -1.0751773  -0.20784385 -0.98859546 -0.28484365 -0.84124483 -0.31092228
 -0.61331353 -0.25182505 -0.55823086 -0.02290133 -0.68517588  0.06131756
 -0.61302447  0.03818893 -0.48110869 -0.06510268 -0.57079385  0.10899046
 -0.6857975   0.11520355 -1.01519392  0.10606926 -0.64828398  0.02443981
 -0.6473874  -0.0393615  -0.65587591 -0.03096227]
    Weight (w): [-0.         -0.          1.33841168 -0.57345464  1.31921969  0.26429511
  0.79910651  0.39491762 -0.14352506 -0.29753967  0.43811077  0.12921072
 -0.18215228 -0.20149977  0.13777306 -1.40162585  0.0329328  -0.1149162
 -0.34054145  0.27629292 -0.42391063 -0.3804172  -0.35411082 -0.55895578
  0.04392251  0.55931447 -0.33441314  0.08148828  0.3829871   0.87531983
 -0.0204285   0.14705987 -0.42899257 -0.5145454 ]
    Xi: 0.000000
    Gamma: 1.000000
    QP Objective: 3.1958078020407337

  Function 5:
    Center: [ 0.34843328  0.         -0.04050685 -1.54429078 -1.15785826 -0.25184872
 -1.11818968 -0.22953584 -0.33010862  0.22049499 -0.08557534  0.48349262
 -0.76703979  0.86109789  0.02988332  0.53145836 -1.49047212  0.67163437
 -0.38085942 -0.23865845 -0.52180109 -1.04823609 -1.5561866   0.44699787
 -0.18085166 -0.39691845 -0.55107272 -0.92167598  0.09281533  0.53292678
 -0.29911178 -0.0369241  -0.3428001  -0.92191178]
    Weight (w): [-0.         -0.         -0.29368141  0.50527709  0.26173947  0.64371089
  0.25344389 -0.08057505  0.16143694 -0.12516438 -0.14763223  0.21343181
  0.2311411  -0.60909842 -0.38169645 -0.30731785  0.00742311 -0.07478642
 -0.54173218  0.21088649  0.3736604  -0.08476777  0.16918037  0.2625071
  0.37837655  0.20739223 -0.51375657  0.06308397  0.27354429  0.16225014
 -0.09263713 -0.3088595   0.08135147 -0.09328911]
    Xi: 0.000000
    Gamma: 1.000000
    QP Objective: 1.977006339961322

  Function 6:
    Center: [ 0.34843328  0.         -0.02795148 -0.27858518  0.23967869 -0.25184872
  0.11737932 -0.38036057  0.22830765 -0.61883159  0.37336046 -0.55187976
  0.42792395 -0.46677254  0.46464511 -0.36960008  0.27071843 -0.22988067
  0.30322716 -0.36977028  0.41307301 -0.39498481  0.50454647 -0.33773069
  0.0949495  -0.3618041  -0.03404822 -0.32252206  0.33071903 -0.56347545
  0.13818222 -0.41318015  0.23227074 -0.6179365 ]
    Weight (w): [-0.         -0.         -0.18979143  0.19983335 -0.55924792  0.31812804
  0.50895534 -0.60841371  0.40902755  0.6315106  -0.59050654 -0.92306692
  0.34456445 -0.40323236  0.07925708 -0.4556662  -0.09755337 -0.16440719
  0.41672413  0.23454013 -0.36678578  0.0879675  -1.16225639  0.20292956
  1.06131825  0.01845627 -0.52724499 -0.57997643  0.74479689  1.07832596
  1.24628982 -0.15914085 -0.06648011  0.23200988]
    Xi: 0.176076
    Gamma: 1.000000
    QP Objective: 3.719546427366788

  Function 7:
    Center: [ 0.34843328  0.          0.72164805 -0.04483129  0.7621586  -0.14621
  0.8646278  -0.09217245  0.20855818 -2.44503389  0.77160598 -0.0881793
  0.77872113  0.89643006  0.7311135   0.15345208  0.62763944  0.31348776
  1.02436357  0.83740003  0.52845024  0.30035934  0.39625444  0.42256291
  0.25678424  0.46297937 -0.10276237  0.41826363  0.09801475  0.35932401
  0.05433322  0.29358689  1.24662489  2.10729944]
    Weight (w): [-0.         -0.          0.01529155 -0.31987745  0.13873888  0.30998604
 -0.05818027 -0.13750513  0.21466849  0.32969939 -0.41169669  0.18399305
  0.14991768 -0.13015943  0.16835724 -0.21458694 -0.04386775  0.4428925
 -0.44997554 -0.09018545  0.19254452  0.00661563 -0.14062036  0.08145358
  0.49182166  0.12705756 -0.556976   -0.66199691  0.66232648  0.47800152
  0.47205418 -0.007238   -0.3740396  -0.33959913]
    Xi: 0.000000
    Gamma: 1.000000
    QP Objective: 1.7672449350419717

  Function 8:
    Center: [ 0.34843328  0.          0.09245124  2.1679133   0.61385005 -1.90536311
  0.54402708 -0.14592167  0.49180508 -0.15383146  0.69612966  1.1787195
  0.48264799  0.17981025  0.6366661   0.14416687  0.89579605 -0.49837975
  0.55641963  0.40767889  0.51257068  0.45904832  0.39729938  1.57898002
  1.04542562 -0.92024632  0.68089319  0.53109203  0.57776953  1.11654436
  1.13460972 -0.11977609  0.41358264  0.48036025]
    Weight (w): [-0.         -0.          0.28012926  0.22010971 -0.03743876  0.41033623
  0.10769996 -0.06337174  0.35917809 -0.32140006 -0.50033753 -0.49321338
  0.14415863  0.74844622  0.38150584  0.35037501 -0.01525788  0.24566035
  0.15463135  0.10287324  0.30421157 -0.18269804 -0.24312734 -1.01940615
  0.02345526 -0.02381444 -0.54998677 -0.74657468  0.51379964  0.46730512
  0.42995748 -0.02044227  0.0781878   0.33894398]
    Xi: 0.049712
    Gamma: 1.000000
    QP Objective: 1.4422592755718997

  Function 9:
    Center: [ 3.48433280e-01  0.00000000e+00 -4.12439404e-01 -3.89382341e-01
 -3.70778921e-02 -5.67939074e-01 -7.48600386e-01 -1.52322857e+00
 -3.28627415e-01 -4.50585451e-01 -3.29260575e-01 -4.24175941e-01
 -1.76873234e-01  3.99654870e-01  2.98833225e-02 -1.06902750e+00
 -2.94826446e-01 -2.93580851e-02  6.79657051e-03  1.51590242e-01
 -3.43907339e-01  9.32718791e-01  4.24119446e-01  4.19677045e-01
 -1.19220113e-01  4.62467330e-01 -2.53479543e-01 -1.33346369e-03
 -5.73764823e-02 -5.25242137e-02 -3.94701387e-01 -7.01670423e-01
 -1.11997694e-01 -6.53003988e-01]
    Weight (w): [-0.         -0.          0.18690968 -0.13538937 -0.21441423  0.07129547
  0.48740256 -0.43396879  0.14330451 -0.14644154 -0.46385732  0.64503163
  0.26926796 -0.70616351  0.63581239 -0.51423157  0.55182676 -0.8058668
 -0.07465459  0.08318495 -0.38663806  0.12941263 -0.18894618 -0.50640678
  0.2553317  -0.36341844  0.06619296 -0.21952207  0.19820413  0.10489934
 -0.00214979 -0.46910773  0.28514113 -0.20948056]
    Xi: 0.241275
    Gamma: 1.000000
    QP Objective: 0.7068583456170296

------------------------------

--- VNS-RPCF ---
Training Time:       12.8353 s
Test Time:           0.0001 s
Training Accuracy:   1.0000
Test Accuracy:       0.9714
Functions (Centers): 8
Solved Subproblems:  104

Model Parameters (Functions):
  Function 1:
    Center: [ 0.34843328  0.          0.72164805  2.1679133   0.76847698  0.8619107
  0.1522608  -2.15258481  0.96407416  1.69437177 -0.80182725 -0.25053113
  0.96442876  1.83457409 -0.52793468 -0.15540672  1.00147721 -2.00861904
  1.02436357  1.97559966  1.08924333  1.91660593 -0.08289092  2.00758853
  1.04542562  2.10959222  0.88920842  1.9473005   1.08084342  2.02643105
 -2.27148204  1.95731486 -0.66938378 -0.03096227]
    Weight (w): [ 0.8616342  -0.          0.15829813 -0.08765536  0.25651905  0.03856239
  0.07788779  0.24135934  0.03233591  0.011804   -0.22798024 -0.11563005
 -0.12494874 -0.15421741  0.3261637   0.04155921 -0.01378492  0.15403013
 -0.1787156  -0.02217575  0.04453737 -0.33811395  0.13263051  0.05921112
  0.19635747  0.04380265 -0.67700797  0.02890885  0.12401097  0.37214295
  0.31989862 -0.07243644  0.05326571 -0.24565148]
    Xi: 0.000000
    Gamma: 1.000000
    QP Objective: 1.265682120052589

  Function 2:
    Center: [ 0.34843328  0.         -1.25069107 -0.08466745 -1.07907115 -0.2702339
 -1.0751773  -0.20784385 -0.98859546 -0.28484365 -0.84124483 -0.31092228
 -0.61331353 -0.25182505 -0.55823086 -0.02290133 -0.68517588  0.06131756
 -0.61302447  0.03818893 -0.48110869 -0.06510268 -0.57079385  0.10899046
 -0.6857975   0.11520355 -1.01519392  0.10606926 -0.64828398  0.02443981
 -0.6473874  -0.0393615  -0.65587591 -0.03096227]
    Weight (w): [ 7.34706077e-13 -0.00000000e+00  1.43979793e+00 -9.93534489e-01
  1.25904175e+00  1.17602679e-01  8.78338830e-01  5.41500251e-01
 -3.33562409e-01  1.77779165e-01  2.38790186e-01  1.45709633e-01
 -1.05220274e-01  5.08438193e-01  4.09024262e-01 -9.66239055e-01
  1.79182970e-01 -1.85997537e-01 -2.06131950e-01  3.16930290e-01
 -2.76901569e-01 -3.41074449e-01 -1.64990522e-01 -1.77939491e-01
  1.12209846e-01  7.35643371e-02 -6.59253313e-01  2.95670176e-01
 -5.78023483e-02  7.27323358e-01 -2.50042577e-01  2.34383242e-01
 -2.85806394e-01 -3.37538048e-01]
    Xi: 0.000000
    Gamma: 1.000000
    QP Objective: 2.9973467182258027

  Function 3:
    Center: [ 0.34843328  0.          0.72164805 -2.06753742  0.76847698  0.23233781
  0.61962396 -0.99675546  0.96407416 -0.62555813  0.93091129  0.39754046
  0.96442876 -0.03175783  1.00604948 -0.47802947  1.00147721 -2.00861904
  1.02436357 -1.88290035  0.46245236  0.28938195  1.05741798  1.29274737
  1.04542562 -0.19483862  0.88920842  0.78067273  1.08084342 -1.25585597
  1.13460972  1.73167043  1.24662489 -0.43351142]
    Weight (w): [-0.         -0.          0.1484118   0.2359622  -0.01584212  0.19884319
  0.05159075  0.2145103  -0.10122328 -0.09425549 -0.32575414 -0.01001572
  0.14811211 -0.16284716  0.14889733  0.25929406 -0.03326224  0.32321288
 -0.55383343  0.00299851  0.64718901 -0.6050228   0.32749901  0.17534053
  0.13091769  0.23206772 -0.13309807 -0.33238253  0.34699562  0.27649202
 -0.06866919 -0.19048844 -0.34414753 -0.25369189]
    Xi: 0.000000
    Gamma: 1.000000
    QP Objective: 1.9389971073798635

  Function 4:
    Center: [ 0.34843328  0.         -0.02795148 -0.27858518  0.23967869 -0.25184872
  0.11737932 -0.38036057  0.22830765 -0.61883159  0.37336046 -0.55187976
  0.42792395 -0.46677254  0.46464511 -0.36960008  0.27071843 -0.22988067
  0.30322716 -0.36977028  0.41307301 -0.39498481  0.50454647 -0.33773069
  0.0949495  -0.3618041  -0.03404822 -0.32252206  0.33071903 -0.56347545
  0.13818222 -0.41318015  0.23227074 -0.6179365 ]
    Weight (w): [-0.         -0.         -0.17882938  0.24639024 -0.08292076  0.87839929
  0.42182439 -0.0356119   0.43007406  0.6417267  -0.13757119 -0.53085564
  0.42409522 -0.54334868  0.15499709 -0.72022242  0.27667704 -0.24731828
  0.46589492 -0.06816242 -0.49629401 -0.47790125 -0.84745847  0.45736186
  0.71648378 -0.16214757 -0.84283868  0.41287845  0.91890241  1.21440463
  0.96142832  0.49420502 -0.57660425 -0.02840151]
    Xi: 0.163358
    Gamma: 1.000000
    QP Objective: 4.496355129216299

  Function 5:
    Center: [ 0.34843328  0.         -0.00640213  2.1679133  -0.75654484 -2.42503783
  0.91453109  1.69351314  0.72153092  0.26464176 -2.03493285  1.71005645
 -0.74040206  1.00028155 -0.50102859 -0.04520768 -1.45396497 -2.00861904
 -0.34675183 -0.01710338 -0.01633192 -0.8636884  -2.25984427  2.00758853
  0.71512556 -1.82920182  0.88920842  0.01481609  1.08084342  2.02643105
 -0.25649511 -1.94251982  1.24662489  2.10729944]
    Weight (w): [-0.         -0.          0.17778197 -0.27005608 -0.12820613  0.41468436
  0.08450904  0.07975349  0.20255644  0.14994117 -0.36538318  0.24523664
  0.33355205  0.03864812  0.13792083 -0.20563171  0.40312259  0.01909521
 -0.34234979 -0.43660358  0.04072765 -0.34955187  0.17924471  0.3086178
  0.17928173  0.08565265 -1.20944329  0.09303888  0.92229616 -0.19195252
  0.10083692  0.29098809 -0.19199376 -0.25969139]
    Xi: 0.000000
    Gamma: 1.000000
    QP Objective: 1.6904897091385664

  Function 6:
    Center: [ 3.48433280e-01  0.00000000e+00 -4.12439404e-01 -3.89382341e-01
 -3.70778921e-02 -5.67939074e-01 -7.48600386e-01 -1.52322857e+00
 -3.28627415e-01 -4.50585451e-01 -3.29260575e-01 -4.24175941e-01
 -1.76873234e-01  3.99654870e-01  2.98833225e-02 -1.06902750e+00
 -2.94826446e-01 -2.93580851e-02  6.79657051e-03  1.51590242e-01
 -3.43907339e-01  9.32718791e-01  4.24119446e-01  4.19677045e-01
 -1.19220113e-01  4.62467330e-01 -2.53479543e-01 -1.33346369e-03
 -5.73764823e-02 -5.25242137e-02 -3.94701387e-01 -7.01670423e-01
 -1.11997694e-01 -6.53003988e-01]
    Weight (w): [-0.         -0.         -0.2949678   0.09664807 -0.23666749  0.13522289
  0.37958252  0.70287081  0.01558998  0.44773268 -0.40031279 -0.12100909
  0.53986372 -0.55761215  0.20416158 -0.74818683  0.35633404 -0.08046585
 -0.01549924 -0.15957619 -0.1623709  -0.27774415 -0.2209699   0.4635096
  0.44304049  0.2647794  -0.90662657 -0.08363352  0.44195851 -0.14772718
  0.66301605  0.12346866 -0.52978721 -0.36782163]
    Xi: 0.073286
    Gamma: 1.000000
    QP Objective: 2.1403576784590395

  Function 7:
    Center: [ 0.34843328  0.         -0.5021177  -0.24455656  0.71962512 -0.15779309
  0.91453109  1.69351314 -0.30342709 -0.05868722  0.121909   -0.04946338
  0.3458379  -1.85021121  0.3592604   1.32826031  0.46336536 -0.20333114
  0.17114621 -0.17680669  0.52391791  0.26984297  0.77891723  0.97327027
  0.12813705  0.4635308  -0.09418765  0.39297419 -0.09358111  0.0035231
  0.06775607  0.27104584 -0.01006603  0.24177301]
    Weight (w): [-0.         -0.         -0.11791925  0.70606792  0.54643926  0.35248507
 -0.05509498 -0.78915995  0.2879442  -0.11058808 -0.58405535  0.1722073
  0.40552524  0.23920948 -0.42945651 -0.51994162  0.56871452 -0.4484973
  0.1574313   0.20867293 -0.69081116 -0.03431614  0.32737343  0.60081431
  0.86984552  0.4341291  -0.34583134 -0.19675052  0.23760444 -0.31632095
  0.45528952 -0.65959433 -0.14702656  0.27174591]
    Xi: 0.069928
    Gamma: 1.000000
    QP Objective: 1.1396962257245056

  Function 8:
    Center: [ 0.34843328  0.         -0.51535718  0.25241999 -0.36334129 -0.09118485
 -0.58035209  0.23439973 -0.54980173 -0.10150937 -0.50050846  0.19809179
 -0.25054145  0.55899366 -0.39065843  0.34614746 -0.68195133  0.75247237
 -0.49379983  0.52679078 -0.14395956  0.17197414 -0.47213847  0.67782943
 -0.72897421  0.70111886 -1.16763767  0.60464806 -0.91521051  0.34650981
 -0.78137056  0.61436779 -1.03468999  0.5847288 ]
    Weight (w): [-0.00000000e+00 -0.00000000e+00 -5.62826526e-03  5.17665858e-04
  2.16079013e-03  8.66543697e-03 -3.12160643e-03 -6.32570970e-05
 -6.36566762e-03  2.87267810e-03 -6.75947705e-03 -4.34184503e-03
 -8.95087948e-03 -1.12100892e-02 -4.00943145e-03 -7.52102604e-03
  4.19036021e-05 -1.39742271e-02 -2.74176982e-03 -9.32796378e-03
 -9.30076985e-03 -3.74677536e-03 -3.26257192e-03 -1.18754400e-02
  5.00345914e-04 -1.18240625e-02  2.16847093e-03 -1.01105052e-02
  5.21354033e-03 -6.24253134e-03  3.35334865e-03 -1.27216631e-02
  7.56740920e-03 -1.28662208e-02]
    Xi: 0.199028
    Gamma: 1.000000
    QP Objective: 0.10413762470302798

------------------------------

--- Original PCF ---
Training Time:       0.0249 s
Test Time:           0.0000 s
Training Accuracy:   1.0000
Test Accuracy:       0.8857
Functions (Centers): 2
Solved Subproblems:  2

Model Parameters (Functions):
  Function 1:
    Center: [ 0.34843328  0.         -1.16157616 -0.44709487 -1.2432527  -0.12339151
 -0.94796964 -0.27690053 -1.04006258  0.01209662 -0.73244662 -0.31377589
 -0.44688807 -0.38839826 -0.43726087 -0.15540672 -0.58698088 -0.05229914
 -0.77948485 -0.35281217 -0.43964449  0.01253143 -0.48681736  0.16511302
 -0.5493425   0.46034038 -0.50604575  0.03691931 -0.76088002 -0.12950795
 -0.54003965  0.11306354 -0.52780989 -0.26268569]
    Weight (w): [ 7.84478709  0.          0.71632267 -0.83856461  3.16637353  1.98939243
  0.36844856  2.60307428  2.15909632 -0.73517361 -4.90171829 -1.52402145
 -0.99021259  0.40681752  2.85071187 -0.98512074  0.38924622  1.31889629
 -3.69093484 -0.92276562  1.8830163  -2.02990355  2.38139998  1.11845361
  2.86699538 -0.07075976 -4.29438072  0.83844641 -0.11254935  3.64876062
  0.76881623 -0.95261647 -0.14871712 -2.59227007]
    Xi: 0.000000
    Gamma: 1.916601
    QP Objective: 58.40153752555922

  Function 2:
    Center: [ 0.34843328  0.         -0.02795148 -0.27858518  0.23967869 -0.25184872
  0.11737932 -0.38036057  0.22830765 -0.61883159  0.37336046 -0.55187976
  0.42792395 -0.46677254  0.46464511 -0.36960008  0.27071843 -0.22988067
  0.30322716 -0.36977028  0.41307301 -0.39498481  0.50454647 -0.33773069
  0.0949495  -0.3618041  -0.03404822 -0.32252206  0.33071903 -0.56347545
  0.13818222 -0.41318015  0.23227074 -0.6179365 ]
    Weight (w): [  0.           0.          18.4435021   -5.29759689  -1.23442683
   2.26592037  23.64111969  -2.48541635   7.35275627  13.49405059
 -16.36031432  25.3037166   26.8010188   -0.25700987 -33.70323729
 -13.08678118  13.11055709   9.34804484  29.01884666 -23.55060292
 -53.47768573   6.34106088   5.48098934 -15.01229495  51.10807061
 -19.10783924 -70.54496861  25.9438335  -11.04502425  27.49864564
  50.47843789  14.03907869   5.47897583 -14.64378591]
    Xi: 0.000000
    Gamma: 1.000000
    QP Objective: 0.0

------------------------------


============================================================
                     END OF REPORT
============================================================
