============================================================
         DETAILED REPORT FOR DATASET: STATLOG_HEART
============================================================

==================================================
           BEST HYPERPARAMETERS (Grid Search)
==================================================

  RPCF / VNS-RPCF:
    C (Misclassification Penalty): 10
    Lambda (Regularization):       0.1
    k_neighbors (VNS):             5

==================================================
           OVERALL STATISTICS (All Seeds & Folds)
==================================================

Model      Mean Test  Std Test  Mean Train  Mean Time  Mean Centers
--------------------------------------------------------------------
RPCF       0.7859     0.0655    0.9338      0.3593     22.3        
VNS-RPCF   0.7933     0.0659    0.9320      4.8294     21.1        
PCF        0.7570     0.0545    1.0000      0.1343     31.5        

==================================================
           STATISTICAL SIGNIFICANCE TESTS
==================================================

Comparison                p-value      Result               Winner              
-----------------------------------------------------------------------------
RPCF vs VNS-RPCF          0.296474     NOT SIG.             No significant dif  
RPCF vs PCF               0.011251     SIGNIFICANT          RPCF                
VNS-RPCF vs PCF           0.000973     SIGNIFICANT          VNS-RPCF            

  Primary Comparison: RPCF vs VNS-RPCF

  Wilcoxon Signed-Rank Test:
    Statistic: 267.0
    p-value:   0.296474

  Paired t-test:
    Statistic: -0.8250
    p-value:   0.413394

  Significance (alpha=0.05): NOT SIGNIFICANT
  Winner: No significant difference

==================================================
           DETAILED RESULTS (Last Run Example)
==================================================

--- Standard RPCF ---
Training Time:       0.2026 s
Test Time:           0.0001 s
Training Accuracy:   0.9259
Test Accuracy:       0.8148
Functions (Centers): 19
Solved Subproblems:  19

Model Parameters (Functions):
  Function 1:
    Center: [ 0.1723092  -1.45032695 -1.23804513  0.48548982  0.85947603 -0.41702883
  0.98166365  0.14367747 -0.7012223   0.21870599  0.67641928 -0.71153494
 -0.87570581]
    Weight (w): [ 0.4049631   0.53251244  0.34820238  0.10671358  0.58141115 -0.36490022
  0.31012256 -0.11899576 -0.08036103  0.18947446  0.17602104  0.09253725
  0.19664938]
    Xi: 0.173765
    Gamma: 1.000000
    QP Objective: 1.9035968701950807

  Function 2:
    Center: [ 0.2822938  -1.45032695  0.87092765 -0.18758978  1.03392698 -0.41702883
  0.98166365  0.40316187 -0.7012223  -0.91856516 -0.95423434  0.34987077
 -0.87570581]
    Weight (w): [ 0.06156641  0.52305701  0.36135683  0.02617615  0.27055641 -0.52590545
  0.14196349 -0.30264861  0.06870813  0.04858921  0.11390608  0.16944786
 -0.00444152]
    Xi: 0.176912
    Gamma: 1.000000
    QP Objective: 2.466577102537533

  Function 3:
    Center: [-1.14750596  0.6894997  -0.18355874  0.48548982 -0.28414685 -0.41702883
  0.98166365  1.31135726 -0.7012223  -0.91856516 -0.95423434 -0.71153494
 -0.87570581]
    Weight (w): [-0.15174119  0.73958851  0.25525519  0.06604104  0.07222406 -0.30649123
  0.04750398 -0.22962497 -0.18794854 -0.02377735 -0.06959765  0.19965189
  0.04132204]
    Xi: 0.215790
    Gamma: 1.000000
    QP Objective: 2.285938206632119

  Function 4:
    Center: [ 0.83221678  0.6894997  -0.18355874 -0.07540984 -0.36168061 -0.41702883
 -1.02628472 -0.15905433 -0.7012223   0.65611797  0.67641928  2.47268219
  1.18927733]
    Weight (w): [-0.15634101  0.22138636  0.13630137  0.1141177   0.07414468  0.00046044
  0.13410167 -0.11545367 -0.02328216  0.02061683  0.09373247 -0.00923812
  0.41430637]
    Xi: 0.245726
    Gamma: 1.000000
    QP Objective: 3.2174430988385834

  Function 5:
    Center: [ 0.83221678 -1.45032695  0.87092765  0.48548982  2.79781991 -0.41702883
  0.98166365  0.31666707 -0.7012223   0.13122359  0.67641928 -0.71153494
 -0.87570581]
    Weight (w): [-0.39884591  0.43854831 -0.11773963  0.06984559 -0.09068361 -0.16371412
 -0.09611941 -0.19108765  0.28238053  0.16788466  0.20634339  0.45993048
  0.15161105]
    Xi: 0.016380
    Gamma: 1.000000
    QP Objective: 2.2936384784466983

  Function 6:
    Center: [ 0.2822938   0.6894997  -0.18355874  1.04638949 -1.58283725 -0.41702883
 -1.02628472  1.05187287 -0.7012223   0.48115318 -0.95423434 -0.71153494
 -0.87570581]
    Weight (w): [ 0.0265303  -0.05309082  0.14879038  0.13369693  0.22283372 -0.28391325
  0.00817535  0.0903633  -0.15933962 -0.07756819  0.01310266  0.1625452
  0.05534367]
    Xi: 0.176614
    Gamma: 1.000000
    QP Objective: 2.3242392445498723

  Function 7:
    Center: [-1.36747516  0.6894997  -2.29253153  0.93420955 -0.10969591 -0.41702883
  0.98166365  1.22486246 -0.7012223  -0.21870599 -0.95423434  1.41127648
 -0.87570581]
    Weight (w): [ 0.01464229  0.34559151  0.07238308  0.0107306   0.01577702 -0.31138612
  0.2178318   0.10616333 -0.09551657 -0.06437716 -0.1070691   0.0732402
 -0.0054001 ]
    Xi: 0.210454
    Gamma: 1.000000
    QP Objective: 2.3814809666516874

  Function 8:
    Center: [-0.26762919  0.6894997   0.87092765 -1.30938911 -0.32291373  2.39791576
 -1.02628472 -0.11580693 -0.7012223  -0.83108277 -0.95423434  2.47268219
  1.18927733]
    Weight (w): [ 0.09277159  0.23836059  0.45980651  0.02802429  0.07582302 -0.16886673
  0.13020466  0.02309296  0.0014843  -0.11274651  0.15501616  0.30373033
  0.33892038]
    Xi: 0.223360
    Gamma: 1.000000
    QP Objective: 2.7942265768827053

  Function 9:
    Center: [-1.25749056  0.6894997   0.87092765  1.04638949 -0.05154559 -0.41702883
 -1.02628472  0.92213067 -0.7012223   0.39367078 -0.95423434 -0.71153494
 -0.87570581]
    Weight (w): [-0.10595018  0.02617516  0.42805001  0.21251939 -0.00400137 -0.41672951
  0.09092514  0.0833061  -0.04274717 -0.11923164  0.08240084  0.06818646
  0.09595955]
    Xi: 0.257610
    Gamma: 1.000000
    QP Objective: 2.3548207063573505

  Function 10:
    Center: [ 1.05218598 -1.45032695  0.87092765 -0.07540984  1.03392698 -0.41702883
 -1.02628472 -1.19699192 -0.7012223   0.83108277  0.67641928  1.41127648
 -0.87570581]
    Weight (w): [ 0.06848519 -0.09967738  0.53432246  0.30614679  0.25698296 -0.07357128
  0.00129988 -0.32059071  0.03581527 -0.03021821  0.18085054  0.33803189
  0.17269429]
    Xi: 0.281210
    Gamma: 1.000000
    QP Objective: 2.669698296500793

  Function 11:
    Center: [-0.15764459  0.6894997  -0.18355874 -0.07540984 -1.02071753  2.39791576
  0.98166365  0.10043007 -0.7012223   0.13122359  2.3070729  -0.71153494
 -0.87570581]
    Weight (w): [-0.23526729 -0.01779058  0.29554406  0.20878377  0.2817908   0.15080474
  0.48605535 -0.10579601 -0.18537875 -0.15650979  0.54090314  0.41313076
  0.04993438]
    Xi: 0.272631
    Gamma: 1.000000
    QP Objective: 2.129186545445345

  Function 12:
    Center: [ 1.49212437  0.6894997  -0.18355874 -0.74848944  0.52995757 -0.41702883
 -1.02628472  0.05718267 -0.7012223  -0.0437412  -0.95423434  0.34987077
  1.18927733]
    Weight (w): [-0.10622899  0.1708552   0.22372745  0.03586909  0.42330804 -0.33980637
 -0.05585234 -0.12994765 -0.06688153 -0.33183254  0.17405373  0.67664616
  0.3452566 ]
    Xi: 0.270169
    Gamma: 1.000000
    QP Objective: 2.4025779354214793

  Function 13:
    Center: [ 1.60210896  0.6894997  -2.29253153  1.60728915 -0.30353029  2.39791576
  0.98166365 -0.80776532 -0.7012223  -0.83108277  0.67641928  0.34987077
 -0.87570581]
    Weight (w): [ 7.90181871e-05  8.54165564e-02  1.49851665e-01  1.61131294e-01
  4.71622938e-01 -5.07124126e-02  2.32530922e-01 -1.07668055e-01
  6.47561684e-02 -3.77171203e-01  2.40240627e-01  4.62473407e-01
  4.55690870e-02]
    Xi: 0.172116
    Gamma: 1.000000
    QP Objective: 2.3058373314356237

  Function 14:
    Center: [ 0.2822938   0.6894997   0.87092765 -1.19720918 -0.94318377 -0.41702883
 -1.02628472 -1.02400232  1.4260813   0.39367078  0.67641928 -0.71153494
  0.67303154]
    Weight (w): [-3.13008393e-01 -3.12884632e-01  2.92192306e-01 -2.72430065e-02
  2.32250932e-01  3.54565658e-09 -1.79003682e-01 -4.28717595e-01
  4.01301305e-01 -2.05150356e-01  2.88862460e-01  6.00030277e-01
  4.44701355e-01]
    Xi: 0.297200
    Gamma: 1.000000
    QP Objective: 2.2987818435827956

  Function 15:
    Center: [ 0.50226299  0.6894997   0.87092765  0.20503999 -0.30353029 -0.41702883
 -1.02628472  0.48965667 -0.7012223  -0.48115318  0.67641928 -0.71153494
  1.18927733]
    Weight (w): [-3.24177281e-01 -2.34485946e-01  3.09274145e-01  7.71868435e-02
  4.12390755e-01  1.21596299e-10 -1.52702552e-01 -5.64279086e-02
 -5.40607849e-02 -4.29508558e-01  3.61377413e-01  8.73871635e-01
  3.70793800e-01]
    Xi: 0.302948
    Gamma: 1.000000
    QP Objective: 2.45673898464861

  Function 16:
    Center: [-0.37761378  0.6894997  -0.18355874 -2.09464864 -0.43921436 -0.41702883
 -1.02628472  0.18692487  1.4260813  -0.91856516 -0.95423434  0.34987077
  1.18927733]
    Weight (w): [ 1.66390800e-01  4.59424762e-01  5.58700505e-01 -5.58403757e-02
  3.99995592e-02  5.07915469e-10 -2.61258281e-01  4.00482954e-01
  1.06587524e-01 -2.70871854e-01 -1.31722106e-02  6.14951314e-01
  4.18446980e-01]
    Xi: 0.328830
    Gamma: 1.000000
    QP Objective: 2.1950198755054315

  Function 17:
    Center: [-0.15764459  0.6894997   0.87092765  0.59766975 -0.4585978  -0.41702883
  0.98166365 -1.67271331  1.4260813  -0.91856516 -0.95423434 -0.71153494
  1.18927733]
    Weight (w): [ 9.66527140e-03  4.02223043e-01  5.30341601e-01  1.52110342e-01
 -3.84935674e-02  5.04258323e-12  3.38860992e-01  4.30141967e-02
  3.84853103e-01 -1.16152566e-01 -1.72017528e-01  4.28788341e-01
  3.22006217e-01]
    Xi: 0.357725
    Gamma: 1.000000
    QP Objective: 2.5763406420960573

  Function 18:
    Center: [ 0.50226299  0.6894997  -2.29253153  2.61690855  0.3942735  -0.41702883
  0.98166365 -0.20230173 -0.7012223   2.75569549  2.3070729  -0.71153494
  1.18927733]
    Weight (w): [ 4.87624358e-01  3.43213815e-01 -7.73705444e-02  3.74200920e-01
  4.41570613e-02  4.13716478e-12  3.18031071e-01  2.25676852e-01
  1.66968685e-01  2.84582561e-01 -1.87589594e-01  4.57836680e-01
  6.51039675e-01]
    Xi: 0.291629
    Gamma: 1.000000
    QP Objective: 1.8940526509082443

  Function 19:
    Center: [-1.25749056  0.6894997   0.87092765 -1.19720918 -0.74934938 -0.41702883
 -1.02628472  0.48965667 -0.7012223  -0.91856516 -0.95423434 -0.71153494
  1.18927733]
    Weight (w): [-5.18087870e-01 -3.49191727e-10 -1.92559609e-05  2.02194584e-01
 -3.39313880e-01  2.25609131e-10  1.33474534e-01  7.54394101e-01
 -6.70175446e-01  9.50175360e-01 -8.50566377e-01  2.86034293e-01
 -5.88012964e-01]
    Xi: 0.468715
    Gamma: 1.000000
    QP Objective: 0.6821357304599897

------------------------------

--- VNS-RPCF ---
Training Time:       3.9898 s
Test Time:           0.0001 s
Training Accuracy:   0.9300
Test Accuracy:       0.7778
Functions (Centers): 18
Solved Subproblems:  267

Model Parameters (Functions):
  Function 1:
    Center: [ 0.3922784  -1.45032695 -0.18355874 -0.63630951  1.75111422 -0.41702883
 -1.02628472  0.96537807 -0.7012223  -0.91856516 -0.95423434 -0.71153494
 -0.87570581]
    Weight (w): [ 0.19043709  0.41933422  0.40796979  0.21273437  0.69202888 -0.3626287
  0.17785825  0.06893432 -0.12765107  0.00760961  0.09261103  0.3099148
  0.31408887]
    Xi: 0.179756
    Gamma: 1.000000
    QP Objective: 1.8551341496786444

  Function 2:
    Center: [-0.37761378  0.6894997  -0.18355874 -2.09464864 -0.43921436 -0.41702883
 -1.02628472  0.18692487  1.4260813  -0.91856516 -0.95423434  0.34987077
  1.18927733]
    Weight (w): [ 0.00317665  0.53181292  0.36359762  0.04615914  0.08233538 -0.20791815
 -0.17058771  0.04447899  0.08815521 -0.13619156  0.06948166  0.32840752
  0.41222143]
    Xi: 0.267444
    Gamma: 1.000000
    QP Objective: 2.5434199080990463

  Function 3:
    Center: [-1.14750596  0.6894997  -0.18355874  0.48548982 -0.28414685 -0.41702883
  0.98166365  1.31135726 -0.7012223  -0.91856516 -0.95423434 -0.71153494
 -0.87570581]
    Weight (w): [-0.00574024  0.38251032  0.24825938  0.14335301  0.09963838 -0.34300374
  0.2146428  -0.03378036 -0.38080663  0.00605563 -0.13813293  0.16494566
  0.01952044]
    Xi: 0.277459
    Gamma: 1.000000
    QP Objective: 2.330908847024828

  Function 4:
    Center: [-0.15764459  0.6894997   0.87092765  0.59766975 -0.4585978  -0.41702883
  0.98166365 -1.67271331  1.4260813  -0.91856516 -0.95423434 -0.71153494
  1.18927733]
    Weight (w): [ 0.01377921  0.47463692  0.59275824  0.11181079  0.05081952 -0.43568384
  0.32394546  0.01372793  0.37197126 -0.18582352 -0.03568233  0.22751198
  0.3842538 ]
    Xi: 0.364780
    Gamma: 1.000000
    QP Objective: 2.8802450954837213

  Function 5:
    Center: [ 0.2822938  -1.45032695  0.87092765 -0.18758978  1.03392698 -0.41702883
  0.98166365  0.40316187 -0.7012223  -0.91856516 -0.95423434  0.34987077
 -0.87570581]
    Weight (w): [ 0.1099987   0.30507627  0.36827116  0.04271316  0.0800429  -0.32833158
  0.16173443 -0.14045844  0.11056018 -0.0933458   0.13370357  0.1947597
  0.07673653]
    Xi: 0.172283
    Gamma: 1.000000
    QP Objective: 2.6821483933949968

  Function 6:
    Center: [ 1.16217058  0.6894997   0.87092765 -0.63630951 -1.4083863  -0.41702883
 -1.02628472 -0.41853872 -0.7012223  -0.56863558 -0.95423434 -0.71153494
  1.18927733]
    Weight (w): [-0.22164049  0.50384663  0.48287838  0.08795819 -0.0892024  -0.33641805
  0.09305569 -0.21085041  0.06785669  0.04119966  0.1854407   0.3908404
  0.35476045]
    Xi: 0.224960
    Gamma: 1.000000
    QP Objective: 2.330617516773051

  Function 7:
    Center: [-1.25749056  0.6894997  -0.18355874 -0.07540984  1.26652825 -0.41702883
 -1.02628472  0.53290407 -0.7012223   0.74360037 -0.95423434  0.34987077
 -0.87570581]
    Weight (w): [-0.01773873  0.27423728  0.28645085  0.13442243 -0.37099883 -0.32060425
  0.03496606 -0.09788958  0.16927077  0.28990294  0.14096184  0.3704599
  0.31755183]
    Xi: 0.116300
    Gamma: 1.000000
    QP Objective: 2.204716294258722

  Function 8:
    Center: [-0.15764459  0.6894997  -0.18355874 -0.07540984 -1.02071753  2.39791576
  0.98166365  0.10043007 -0.7012223   0.13122359  2.3070729  -0.71153494
 -0.87570581]
    Weight (w): [ 0.17502602  0.43519968  0.40882431 -0.01159579 -0.17052738 -0.11857232
  0.12290984  0.02740618  0.31355638  0.48904019  0.22348813  0.30124678
  0.39032722]
    Xi: 0.133987
    Gamma: 1.000000
    QP Objective: 2.2223817072060825

  Function 9:
    Center: [ 0.72223219  0.6894997  -0.18355874  1.04638949 -0.12907934  2.39791576
 -1.02628472 -0.54828092  1.4260813  -0.0437412   0.67641928 -0.71153494
 -0.87570581]
    Weight (w): [ 0.11197462 -0.11909982  0.35690203  0.13332513  0.11121054  0.03239901
  0.18239415 -0.13022234  0.07544722  0.30709293  0.33037024  0.46690233
  0.26424298]
    Xi: 0.147396
    Gamma: 1.000000
    QP Objective: 2.4142264331141106

  Function 10:
    Center: [ 1.05218598  0.6894997  -2.29253153 -1.19720918 -0.74934938 -0.41702883
  0.98166365 -0.24554912  1.4260813   0.65611797  0.67641928 -0.71153494
 -0.87570581]
    Weight (w): [-0.17760246 -0.02183497 -0.01880119  0.08999625  0.05702138 -0.13182917
  0.15828866 -0.18715599  0.20532656  0.01228293  0.22281967  0.36613428
  0.01329481]
    Xi: 0.177043
    Gamma: 1.000000
    QP Objective: 2.3410320688754034

  Function 11:
    Center: [-1.25749056  0.6894997   0.87092765 -1.19720918 -0.74934938 -0.41702883
 -1.02628472  0.48965667 -0.7012223  -0.91856516 -0.95423434 -0.71153494
  1.18927733]
    Weight (w): [-0.83122384  0.43417168  0.39713474 -0.18608122 -0.2150033  -0.36535482
 -0.05220296  0.11470259  0.11573645 -0.27011818  0.12591183  0.34796218
  0.43676125]
    Xi: 0.417405
    Gamma: 1.000000
    QP Objective: 2.7735792480688604

  Function 12:
    Center: [ 1.27215517  0.6894997   0.87092765 -0.63630951  1.01454354 -0.41702883
  0.98166365  0.05718267 -0.7012223  -0.56863558  0.67641928 -0.71153494
 -0.87570581]
    Weight (w): [ 0.10568978  0.05765643  0.07464892  0.10299233 -0.46352937 -0.15964614
  0.2362493  -0.18154657  0.23372484 -0.04643061 -0.03090658  0.17659064
  0.27993333]
    Xi: 0.143773
    Gamma: 1.000000
    QP Objective: 2.3314875802193264

  Function 13:
    Center: [-1.03752137  0.6894997   0.87092765 -1.53374897 -0.8074997  -0.41702883
  0.98166365 -0.07255953  1.4260813   1.70590673  0.67641928 -0.71153494
 -0.87570581]
    Weight (w): [-0.12316899 -0.06716751 -0.04371374 -0.0918513  -0.0659197   0.05822107
  0.19405615 -0.29572818  0.28028706 -0.09382713 -0.05160399  0.26383309
  0.28501979]
    Xi: 0.189266
    Gamma: 1.000000
    QP Objective: 2.696544490730254

  Function 14:
    Center: [-0.26762919  0.6894997   0.87092765 -1.30938911 -0.32291373  2.39791576
 -1.02628472 -0.11580693 -0.7012223  -0.83108277 -0.95423434  2.47268219
  1.18927733]
    Weight (w): [-0.17139028  0.25576367  0.41858044 -0.15238569 -0.42426088  0.37933112
 -0.15677512  0.37690726 -0.12306204 -0.07138253 -0.23435136  0.22681696
  0.33450573]
    Xi: 0.406706
    Gamma: 1.000000
    QP Objective: 2.566859186109078

  Function 15:
    Center: [ 0.2822938   0.6894997   0.87092765 -1.19720918 -0.94318377 -0.41702883
 -1.02628472 -1.02400232  1.4260813   0.39367078  0.67641928 -0.71153494
  0.67303154]
    Weight (w): [-0.4029216   0.25724146  0.38874904 -0.29841759 -0.02216715  0.03486685
 -0.04254823 -0.3964104   0.44219099  0.03755044  0.16820926  0.21937294
  0.40732008]
    Xi: 0.369582
    Gamma: 1.000000
    QP Objective: 2.595691016498263

  Function 16:
    Center: [-0.04765999  0.6894997  -0.18355874 -0.63630951  0.16167224 -0.41702883
  0.98166365 -0.11580693 -0.7012223  -0.56863558  0.67641928 -0.71153494
  1.18927733]
    Weight (w): [-0.63573065  0.51619532  0.11240949 -0.38036834 -0.07277599  0.13211626
  0.23448193 -0.21401339 -0.15925651 -0.12780099  0.19315765  0.2295893
  0.77326354]
    Xi: 0.389021
    Gamma: 1.000000
    QP Objective: 2.4584810463976208

  Function 17:
    Center: [ 0.50226299  0.6894997  -2.29253153  2.61690855  0.3942735  -0.41702883
  0.98166365 -0.20230173 -0.7012223   2.75569549  2.3070729  -0.71153494
  1.18927733]
    Weight (w): [-2.77473932e-01  2.40195377e-01 -3.64206474e-01  2.17413503e-01
 -4.29876126e-01  2.42289470e-10  1.16856548e+00  2.89275947e-01
  2.80884759e-01  3.71651489e-01  5.75278533e-03 -4.99473418e-01
  2.81160522e-01]
    Xi: 0.444572
    Gamma: 1.000000
    QP Objective: 1.8165997012711357

  Function 18:
    Center: [ 1.05218598  0.6894997   0.87092765 -0.18758978  0.25858943 -0.41702883
 -1.02628472 -1.93219771  1.4260813  -0.74360037  0.67641928  0.34987077
  1.18927733]
    Weight (w): [-3.69290749e-01  5.20070346e-01 -5.79388127e-01 -3.92213236e-01
 -4.48336582e-01  9.69109534e-02  2.11210505e-01 -2.78435750e-01
  7.84498142e-01  1.48805673e-01 -4.46120806e-11 -3.52642545e-01
  1.06473412e+00]
    Xi: 0.539771
    Gamma: 1.000000
    QP Objective: 0.46315990248209926

------------------------------

--- Original PCF ---
Training Time:       0.1330 s
Test Time:           0.0001 s
Training Accuracy:   1.0000
Test Accuracy:       0.8148
Functions (Centers): 32
Solved Subproblems:  32

Model Parameters (Functions):
  Function 1:
    Center: [-0.48759838 -1.45032695  0.87092765 -1.19720918  0.08413848 -0.41702883
  0.98166365  0.40316187 -0.7012223  -0.91856516 -0.95423434 -0.71153494
 -0.87570581]
    Weight (w): [-0.20118897  1.13534514  1.08155635  0.17072707  1.16731496 -0.25667149
  0.04157535 -0.55086612  0.10629193  0.11372865  0.14197526  0.85738489
  0.13740354]
    Xi: 0.134639
    Gamma: 1.000000
    QP Objective: 250.14951885610608

  Function 2:
    Center: [ 2.15203195 -1.45032695 -1.23804513 -0.63630951  0.37489006 -0.41702883
  0.98166365 -1.24023932  1.4260813  -0.74360037 -0.95423434  0.34987077
 -0.87570581]
    Weight (w): [ 0.49880078  0.24739152  0.13865261 -0.0404528   0.21364446  0.0629811
  0.15108988 -0.17249992  0.11671582 -0.2412461   0.02974974  0.04762116
 -0.03869704]
    Xi: 0.261674
    Gamma: 1.000000
    QP Objective: 191.25266883724316

  Function 3:
    Center: [-0.37761378  0.6894997  -0.18355874 -1.19720918 -1.44715318 -0.41702883
 -1.02628472 -1.15374452 -0.7012223  -0.39367078 -0.95423434 -0.71153494
 -0.87570581]
    Weight (w): [ 0.02114702  1.27342116  0.2893868  -0.95799955 -0.07133616 -0.91549588
 -0.61951398 -0.5561335  -0.68383766 -0.491534   -0.00939777 -0.20421109
 -0.67168583]
    Xi: 0.667353
    Gamma: 1.000000
    QP Objective: 197.658402555517

  Function 4:
    Center: [-0.26762919  0.6894997   0.87092765 -1.30938911 -0.32291373  2.39791576
 -1.02628472 -0.11580693 -0.7012223  -0.83108277 -0.95423434  2.47268219
  1.18927733]
    Weight (w): [ 0.2877505   0.73134299  0.3083255  -0.34199624 -0.60154314  0.33597552
 -0.42784974 -0.09847607 -0.17152863 -0.66718014 -0.70770978  0.40925621
  0.56446462]
    Xi: 0.587975
    Gamma: 1.000000
    QP Objective: 213.49774782163652

  Function 5:
    Center: [-1.91739814  0.6894997  -0.18355874 -0.07540984  0.00660473 -0.41702883
 -1.02628472  1.61408906 -0.7012223   2.14331871  2.3070729  -0.71153494
 -0.87570581]
    Weight (w): [ 0.14998335  0.2086964   0.09154984 -0.15979534 -0.23013191 -0.2170159
 -0.16042843 -0.33322437 -0.31573     0.40735288 -0.07106165 -0.2402723
  0.21175249]
    Xi: 0.205481
    Gamma: 1.000000
    QP Objective: 151.53023881896226

  Function 6:
    Center: [ 0.50226299  0.6894997  -1.23804513  0.48548982 -0.555515   -0.41702883
 -1.02628472  0.61939887  1.4260813  -0.91856516 -0.95423434 -0.71153494
 -0.87570581]
    Weight (w): [ 0.40964154  0.06795955  0.13123562 -0.1934266  -0.05706654 -0.2707433
 -0.19049846 -0.24558998 -0.08937998  0.0585411  -0.28775456 -0.1484356
  0.14947188]
    Xi: 0.243283
    Gamma: 1.000000
    QP Objective: 153.2759660909791

  Function 7:
    Center: [ 0.50226299  0.6894997   0.87092765  0.37330989  0.41365694 -0.41702883
  0.98166365  1.39785206 -0.7012223  -0.91856516 -0.95423434 -0.71153494
 -0.87570581]
    Weight (w): [ 0.32216006  0.44552951  0.46484912 -0.00231756  0.26943533 -0.62522747
  0.68289881  0.2467784  -0.43281236 -0.40584893 -0.47147111 -0.56173699
 -0.21857767]
    Xi: 0.600764
    Gamma: 1.000000
    QP Objective: 156.04192483345057

  Function 8:
    Center: [-1.47745975  0.6894997  -1.23804513 -1.19720918 -0.28414685 -0.41702883
 -1.02628472  0.14367747 -0.7012223  -0.91856516 -0.95423434 -0.71153494
 -0.87570581]
    Weight (w): [ 0.22401136  1.60955949  0.34875645 -0.88870261 -0.2717276   0.20711001
 -1.04293882  0.19024767 -0.92458132 -0.56625074 -0.63726181 -0.80045282
 -0.59879105]
    Xi: 0.708722
    Gamma: 1.000000
    QP Objective: 175.5192035794778

  Function 9:
    Center: [ 1.05218598 -1.45032695 -0.18355874  0.48548982  1.22776137 -0.41702883
 -1.02628472 -0.72127052 -0.7012223  -0.74360037 -0.95423434 -0.71153494
  1.18927733]
    Weight (w): [ 0.41765626 -0.00870702 -0.0921997   0.16481776  0.67117114 -0.45105345
 -0.30521063 -0.26842595 -0.26682151 -0.50188527 -0.10898594 -0.43399295
  0.51236566]
    Xi: 0.508349
    Gamma: 1.000000
    QP Objective: 138.9200732517998

  Function 10:
    Center: [-0.37761378  0.6894997  -0.18355874 -1.75810884 -0.53613156 -0.41702883
 -1.02628472 -0.28879652  1.4260813   0.13122359  0.67641928 -0.71153494
 -0.87570581]
    Weight (w): [-0.08939865  0.41831006  0.35792702  0.14867802  0.12330703 -0.24290575
 -0.14785383  0.11777478  0.02061853 -0.10384765 -0.04462858 -0.04122151
 -0.05958404]
    Xi: 0.255671
    Gamma: 1.000000
    QP Objective: 140.6226481280507

  Function 11:
    Center: [-0.59758298  0.6894997  -1.23804513 -0.07540984  0.31673975 -0.41702883
 -1.02628472  0.92213067 -0.7012223  -0.39367078 -0.95423434 -0.71153494
 -0.87570581]
    Weight (w): [-0.25596027  0.38593589 -0.27126335 -0.29980425  0.31419633 -0.80378826
 -0.20119292 -0.29227989 -0.16363348 -0.21253029 -0.14920038  0.12836642
 -0.08358214]
    Xi: 0.383213
    Gamma: 1.000000
    QP Objective: 125.35550801006556

  Function 12:
    Center: [ 0.50226299  0.6894997  -2.29253153  2.61690855  0.3942735  -0.41702883
  0.98166365 -0.20230173 -0.7012223   2.75569549  2.3070729  -0.71153494
  1.18927733]
    Weight (w): [-0.5541112   0.70042211  0.15043552  0.13414007 -0.14294053 -0.28936575
  0.38118341 -0.30170469  0.34606056 -0.50271178  0.15046437  0.72285136
 -0.15195024]
    Xi: 0.119233
    Gamma: 1.000000
    QP Objective: 130.03379552264343

  Function 13:
    Center: [ 1.16217058  0.6894997   0.87092765 -0.63630951 -1.4083863  -0.41702883
 -1.02628472 -0.41853872 -0.7012223  -0.56863558 -0.95423434 -0.71153494
  1.18927733]
    Weight (w): [ 0.03145649  0.45111029  0.01859182 -0.22233071  0.06830247 -0.41881336
 -0.20407644 -0.12433346 -0.01364445 -0.0690914  -0.25052523 -0.12777845
  0.63367499]
    Xi: 0.403224
    Gamma: 1.000000
    QP Objective: 96.37063320382532

  Function 14:
    Center: [ 0.2822938   0.6894997   0.87092765 -1.19720918 -0.94318377 -0.41702883
 -1.02628472 -1.02400232  1.4260813   0.39367078  0.67641928 -0.71153494
  0.67303154]
    Weight (w): [-0.18113138  0.42732146  0.11296377 -0.27416067 -0.62078921 -0.53805119
 -0.47842076 -0.1516756   0.82930503  0.30420697  0.58820902  0.05261659
  0.53614577]
    Xi: 0.602179
    Gamma: 1.000000
    QP Objective: 99.84139336113415

  Function 15:
    Center: [-0.04765999  0.6894997  -1.23804513 -1.30938911  1.15022761 -0.41702883
 -1.02628472  0.27341967 -0.7012223  -0.91856516 -0.95423434 -0.71153494
  1.18927733]
    Weight (w): [-0.05502264  0.2633477  -0.00065095  0.45923104 -0.54682388 -0.33627136
 -0.18651851 -0.37475043 -0.5139205   0.00485011 -0.20995041 -0.11312531
  0.14069399]
    Xi: 0.277905
    Gamma: 1.000000
    QP Objective: 111.35098242691862

  Function 16:
    Center: [ 1.27215517  0.6894997   0.87092765  1.60728915 -0.41983093 -0.41702883
  0.98166365 -0.50503352 -0.7012223   1.09352996 -0.95423434 -0.71153494
  0.67303154]
    Weight (w): [ 0.04817927  0.41375907  0.27151583  0.44255173 -0.13440031 -0.2762492
  0.4405303   0.09072769 -0.15621888 -0.03340296 -0.02400636  0.03222987
  0.44033405]
    Xi: 0.412046
    Gamma: 1.000000
    QP Objective: 83.3490313936244

  Function 17:
    Center: [ 1.38213977 -1.45032695  0.87092765 -1.42156904 -0.51674812 -0.41702883
 -1.02628472 -0.33204392 -0.7012223  -0.65611797 -0.95423434  1.41127648
 -0.87570581]
    Weight (w): [ 0.18641841 -0.08123832  0.27171175 -0.29487779 -0.01197314 -0.29221508
 -0.29315151  0.06294115 -0.07398002 -0.08492087 -0.37321656  0.21851079
 -0.21920818]
    Xi: 0.381387
    Gamma: 1.000000
    QP Objective: 75.10859406108206

  Function 18:
    Center: [ 1.05218598  0.6894997   0.87092765 -0.18758978  0.25858943 -0.41702883
 -1.02628472 -1.93219771  1.4260813  -0.74360037  0.67641928  0.34987077
  1.18927733]
    Weight (w): [ 0.12753392  0.235166    0.26285761 -0.07065042  0.00195018 -0.48531976
 -0.12820343 -0.3944447   0.55622654  0.34819259 -0.14292388  0.68854089
  0.72121385]
    Xi: 0.517641
    Gamma: 1.000000
    QP Objective: 89.26624336863196

  Function 19:
    Center: [ 1.16217058 -1.45032695 -0.18355874  0.48548982  3.243639    2.39791576
  0.98166365  0.31666707 -0.7012223  -0.21870599 -0.95423434  0.34987077
 -0.87570581]
    Weight (w): [ 0.58363281 -0.1243868   0.00460337  0.53239251  0.34078315  0.45687383
  0.49126563  0.09102379 -0.4252049  -0.4078092  -0.41460681  0.12418705
 -0.2288891 ]
    Xi: 0.476464
    Gamma: 1.000000
    QP Objective: 73.78630154493129

  Function 20:
    Center: [-0.04765999  0.6894997  -0.18355874 -0.63630951  0.16167224 -0.41702883
  0.98166365 -0.11580693 -0.7012223  -0.56863558  0.67641928 -0.71153494
  1.18927733]
    Weight (w): [-0.06659765  1.05426585  0.28929571  0.07052215  0.42608711 -0.45545293
 -0.03751243  0.39143673 -0.25104558  0.67832768 -0.22305342  1.20545283
  0.48902165]
    Xi: 0.355293
    Gamma: 1.000000
    QP Objective: 78.36472490754532

  Function 21:
    Center: [ 1.49212437  0.6894997  -0.18355874 -0.74848944  0.52995757 -0.41702883
 -1.02628472  0.05718267 -0.7012223  -0.0437412  -0.95423434  0.34987077
  1.18927733]
    Weight (w): [-0.21024424  0.68751612  0.11391074 -0.13033008  0.48329181 -0.32940406
 -0.24360456 -0.22412782 -0.09783633 -0.12254815  0.06006168 -0.00904132
  0.57251961]
    Xi: 0.374295
    Gamma: 1.000000
    QP Objective: 58.753554195159325

  Function 22:
    Center: [-1.25749056  0.6894997   0.87092765 -1.19720918 -0.74934938 -0.41702883
 -1.02628472  0.48965667 -0.7012223  -0.91856516 -0.95423434 -0.71153494
  1.18927733]
    Weight (w): [-1.18712651  1.06995756  0.40425674 -1.5281856  -0.16527457 -1.39715131
 -1.18111387  0.39514032 -1.00813494 -0.77318686 -1.34925679 -0.78076906
  1.47004285]
    Xi: 1.296503
    Gamma: 1.000000
    QP Objective: 63.35782290140084

  Function 23:
    Center: [ 0.83221678 -1.45032695  0.87092765  0.48548982  2.79781991 -0.41702883
  0.98166365  0.31666707 -0.7012223   0.13122359  0.67641928 -0.71153494
 -0.87570581]
    Weight (w): [ 0.79054414 -0.10019893  0.2792847  -0.07355944 -0.1450397  -0.21527699
  0.38195298  0.17411399  0.04947713  0.69408334 -0.67068624 -0.16035991
  0.30719149]
    Xi: 0.275960
    Gamma: 1.000000
    QP Objective: 52.93534456198996

  Function 24:
    Center: [-0.15764459  0.6894997   0.87092765  0.59766975 -0.4585978  -0.41702883
  0.98166365 -1.67271331  1.4260813  -0.91856516 -0.95423434 -0.71153494
  1.18927733]
    Weight (w): [-0.36760646  1.06593391  0.66430699  0.17870602  0.23617968 -1.03108362
  0.87657528 -0.59887039  1.19294237 -0.50376722 -0.49815914 -0.62725159
  1.23155809]
    Xi: 0.890933
    Gamma: 1.000000
    QP Objective: 44.361642005127685

  Function 25:
    Center: [ 1.05218598 -1.45032695  0.87092765  2.72908848  1.46036263 -0.41702883
 -1.02628472  0.18692487  1.4260813  -0.91856516 -0.95423434 -0.71153494
 -0.87570581]
    Weight (w): [ 0.53045762 -0.343021   -0.02685453 -0.49423639  0.31902257 -0.342609
  0.20297613 -0.02493865 -0.22343949  0.51462652  0.18814277 -0.35637862
  0.82645806]
    Xi: 0.134136
    Gamma: 1.000000
    QP Objective: 43.15532619267873

  Function 26:
    Center: [-1.47745975  0.6894997  -1.23804513  0.20503999 -0.90441689 -0.41702883
 -1.02628472 -0.76451792 -0.7012223  -0.91856516  0.67641928 -0.71153494
  0.67303154]
    Weight (w): [-0.34434669  0.74137563 -0.24509774 -0.17162281 -0.31341101 -0.17984195
 -0.75366476 -0.48139477 -0.75991998 -0.3654143   0.71139685 -0.62205163
  0.65351568]
    Xi: 0.628356
    Gamma: 1.000000
    QP Objective: 28.001752363059865

  Function 27:
    Center: [-1.14750596  0.6894997  -0.18355874 -0.63630951 -0.4585978  -0.41702883
 -1.02628472  0.83563587 -0.7012223  -0.91856516 -0.95423434 -0.71153494
 -0.87570581]
    Weight (w): [-0.33613855  0.83602717  0.50272733 -0.87076934 -0.0048951  -0.49271248
 -1.07263657 -0.06498091 -1.16246126 -0.36000208 -0.56226294 -0.79558525
 -0.09737663]
    Xi: 0.715099
    Gamma: 1.000000
    QP Objective: 29.614844189507618

  Function 28:
    Center: [-1.03752137  0.6894997   0.87092765 -1.53374897 -0.8074997  -0.41702883
  0.98166365 -0.07255953  1.4260813   1.70590673  0.67641928 -0.71153494
 -0.87570581]
    Weight (w): [-0.18086667  1.01723293  0.89219801 -0.40185248 -0.18509783 -0.47227432
  0.24658617 -0.09761879  0.32082698  0.38953682  0.73686688 -0.62029922
 -0.39188595]
    Xi: 0.615864
    Gamma: 1.000000
    QP Objective: 25.776705095977352

  Function 29:
    Center: [ 1.05218598 -1.45032695  0.87092765 -0.07540984  1.03392698 -0.41702883
 -1.02628472 -1.19699192 -0.7012223   0.83108277  0.67641928  1.41127648
 -0.87570581]
    Weight (w): [ 0.30535569 -0.4282405   0.4393471  -0.10515842  0.72587494 -0.28205206
 -0.27685215 -0.25108891 -0.23226383  1.29915074  0.29311605  0.18389195
 -0.01982446]
    Xi: 0.570216
    Gamma: 1.000000
    QP Objective: 19.430117093378836

  Function 30:
    Center: [ 1.60210896  0.6894997  -2.29253153  1.60728915 -0.30353029  2.39791576
  0.98166365 -0.80776532 -0.7012223  -0.83108277  0.67641928  0.34987077
 -0.87570581]
    Weight (w): [-0.64027618  0.25788475  0.08535695  0.4289719   0.71653589  0.4795963
  0.558693   -1.19151789 -0.07412637  0.48684319 -0.07518775  0.48401109
  0.1204121 ]
    Xi: 0.333818
    Gamma: 1.000000
    QP Objective: 13.016194020507811

  Function 31:
    Center: [-0.37761378  0.6894997  -0.18355874 -2.09464864 -0.43921436 -0.41702883
 -1.02628472  0.18692487  1.4260813  -0.91856516 -0.95423434  0.34987077
  1.18927733]
    Weight (w): [-2.4027395  -1.33017944 -1.04124807  0.34438294 -0.15995893 -0.53629098
 -0.80913543 -4.03874233 -0.26136694 -0.7534281  -1.97389071  1.61584758
  2.33839902]
    Xi: 1.025009
    Gamma: 1.000000
    QP Objective: 10.34175129109484

  Function 32:
    Center: [ 0.83221678  0.6894997  -0.18355874 -0.07540984 -0.36168061 -0.41702883
 -1.02628472 -0.15905433 -0.7012223   0.65611797  0.67641928  2.47268219
  1.18927733]
    Weight (w): [ 0.04937583  0.48132318  0.27378709 -0.3425576   0.25645303 -0.13421513
 -0.25956775  0.10723484 -0.26979184 -0.37732699  0.71257961  0.98633301
  0.12906901]
    Xi: 0.663467
    Gamma: 1.000000
    QP Objective: 0.0

------------------------------


============================================================
                     END OF REPORT
============================================================
