=== Summary for Dataset: breast_cancer ===

Standard RPCF: Accuracy: 0.9649
Training Time: 0.0971 seconds
Number of Functions (Centers): 2
VNS-RPCF: Accuracy: 0.9357
Training Time: 1.5493 seconds
Number of Functions (Centers): 3

=== Detailed Results for Dataset: {ds_name} ===

--- Model: Standard RPCF ---
Accuracy: 0.9649
Training Time: 0.0971 seconds
Number of Functions (Centers): 2

Evaluation Metrics:
              precision    recall  f1-score   support

          -1       0.94      0.97      0.95        64
           1       0.98      0.96      0.97       107

    accuracy                           0.96       171
   macro avg       0.96      0.97      0.96       171
weighted avg       0.97      0.96      0.97       171

Model Parameters (Functions):
  Function 1:
    Center: [ 0.60003914 -0.1209257   0.69327088  0.4272152   0.72871411  1.43764058
  1.33083553  1.0730517   0.23505274  0.57305087 -0.42542501 -0.54349293
 -0.19903162 -0.26945668 -0.82602646  0.52155342  0.22633924  0.04766741
 -0.80666117  0.10821625  0.47231595 -0.09562565  0.58495775  0.26441973
  0.18110386  1.37619258  1.10540467  0.89218385 -0.21153406  1.23877531]
    Weight (w): [-0.24450529 -0.38820544 -0.24057827 -0.35218922 -0.07227555  0.31793079
 -0.41170108 -0.1938252   0.20780261 -0.06535862 -0.16104809  0.37118223
 -0.05767084 -0.53626371 -0.02650705 -0.25935547  0.02658782  0.03259461
  0.04640602  0.35638309 -0.52229629 -0.51754348 -0.59176049 -0.70013979
 -0.77932305  0.41496363 -0.37670016 -0.59010956 -0.52891008  0.28937382]
    Xi: 0.000000
    Gamma: 1.000000
    QP Objective: 0.18413623105695856

  Function 2:
    Center: [-0.38549012  0.74008914 -0.42215974 -0.42260266 -0.41349123 -0.88562128
 -0.52340816 -0.5643503  -0.82737179 -0.30444604 -0.60805103  0.29600399
 -0.69752745 -0.45031073  0.15267989 -0.75216918 -0.28427891 -0.46653723
 -0.49306784 -0.4410047  -0.36843913  1.25272094 -0.45337658 -0.39901653
  0.41781768 -0.64864014 -0.26140978 -0.32426902 -0.116085   -0.18153209]
    Weight (w): [ 0.08352511  0.17027771  0.18750049  0.00857828  0.04483337  2.46368316
 -0.52006495 -0.56310982 -0.71954016 -1.93629644 -2.00538245 -0.4821684
 -0.51168202 -1.06396984  0.87003383  2.63654613  0.64105436 -0.29886356
  0.94668219  0.1594401  -1.26249408 -0.82846116 -0.51317732 -1.25625679
  0.00579739 -0.08313192 -1.65165136 -1.45325396 -0.90005085 -0.58338135]
    Xi: 0.107587
    Gamma: 1.000000
    QP Objective: 0.6657553999751173

--------------------------------------------------

--- Model: VNS-RPCF ---
Accuracy: 0.9357
Training Time: 1.5493 seconds
Number of Functions (Centers): 3

Evaluation Metrics:
              precision    recall  f1-score   support

          -1       0.87      0.97      0.92        64
           1       0.98      0.92      0.95       107

    accuracy                           0.94       171
   macro avg       0.93      0.94      0.93       171
weighted avg       0.94      0.94      0.94       171

Model Parameters (Functions):
  Function 1:
    Center: [ 0.34442636 -1.17043297  0.43377262  0.14081407  0.77852992  2.06872484
  1.49279465  1.25464133  2.58991123  1.06637708  0.12137031 -0.92033216
  0.25639654  0.10061208 -0.08399638  1.55383322  1.07980101  1.73951422
  1.95877186  0.22660892  0.37291633 -1.07431684  0.53134324  0.1763483
  0.29069359  2.17009494  1.71900793  1.89866194  2.85739576  0.85973112]
    Weight (w): [-0.29461399 -0.40334708 -0.28138254 -0.38214721 -0.31846125  0.44846129
 -0.35437662 -0.21867215  0.08280122  0.01239132 -0.18704302  0.21827079
 -0.09810583 -0.42076432 -0.042242   -0.14929619 -0.10491352  0.27476102
  0.24891382  0.09342332 -0.61680032 -0.3850855  -0.56927521 -0.63321228
 -0.74818409  0.31803274 -0.42919192 -0.205887   -0.52024634  0.18792322]
    Xi: 0.000000
    Gamma: 1.000000
    QP Objective: 0.19025963497560203

  Function 2:
    Center: [-0.66098389 -0.6305534  -0.53460898 -0.63391948  0.90662772  1.24433549
  0.96799686  0.65080421  3.16310935  1.54694486 -0.3084866   0.37946381
 -0.28962223 -0.34360244 -0.53801478  0.60650552  0.48396931  1.07607669
  4.32706739  0.31776749 -0.52375102  0.11444284 -0.45665302 -0.50783132
  0.26877565  0.98560279  0.85497394  1.09469759  4.6482789   1.05590311]
    Weight (w): [ 0.00751157 -0.60104407 -0.03505535  0.00729651 -0.14404352  1.98932896
 -0.19033536 -0.31772632 -0.38106783 -0.95807582 -2.35865302  0.83010181
 -0.25778301 -1.69377843 -0.28651965  2.00256541  0.30611067 -0.47953817
  1.15179759  0.93211729 -1.38203908 -1.39754019 -0.81941932 -1.57054592
 -0.1236711   0.05731487 -1.0074143  -0.8205813  -0.58644205  0.05413827]
    Xi: 0.164940
    Gamma: 1.000000
    QP Objective: 0.8641410054615737

  Function 3:
    Center: [-0.67234446 -0.26753092 -0.69895788 -0.63647917  0.23624926 -0.85662552
 -0.77777187 -0.35516111 -0.70323971  0.01026206  0.86558942  1.61140331
  0.62964962  0.19301926 -0.48167917 -0.86227157 -0.63574335  0.40939496
 -0.58024436 -0.39221028 -0.60244239 -0.3724601  -0.6600903  -0.5748078
 -0.81835446 -1.11022312 -1.01222221 -0.65483845 -1.4928163  -0.81992231]
    Weight (w): [-0.00035379 -0.00852253 -0.00028733 -0.00053143  0.0096097   0.00085461
  0.00283704 -0.00588007 -0.02546861 -0.0120788  -0.01763329  0.01821653
 -0.01085322 -0.00807974  0.00815551  0.00522162  0.01148241 -0.00505163
 -0.00651571  0.00894312 -0.00015478  0.0084793   0.00078661 -0.0003022
  0.01463448  0.00365474  0.0051874  -0.00072836 -0.01072116  0.00590909]
    Xi: 0.217135
    Gamma: 1.000000
    QP Objective: 0.01049828042159082

