=== Summary for Dataset: ionosphere ===

Standard RPCF: Accuracy: 0.9151
Training Time: 0.1299 seconds
Number of Functions (Centers): 5
VNS-RPCF: Accuracy: 0.9528
Training Time: 1.5615 seconds
Number of Functions (Centers): 5

=== Detailed Results for Dataset: {ds_name} ===

--- Model: Standard RPCF ---
Accuracy: 0.9151
Training Time: 0.1299 seconds
Number of Functions (Centers): 5

Evaluation Metrics:
              precision    recall  f1-score   support

          -1       0.97      0.79      0.87        38
           1       0.89      0.99      0.94        68

    accuracy                           0.92       106
   macro avg       0.93      0.89      0.90       106
weighted avg       0.92      0.92      0.91       106

Model Parameters (Functions):
  Function 1:
    Center: [ 0.34843328  0.          0.72164805 -0.31671991 -3.0841935  -2.42503783
 -3.15091045 -2.15258481  0.96407416  0.2817168   0.59945174  1.22818197
 -2.25463227 -2.21263915 -2.06191883  2.02934814  0.14857422  2.02320137
  1.02436357  1.97559966  0.577534   -1.94867188 -2.25984427 -1.78960762
  0.75002702  0.85918266  0.88920842  1.9473005   1.08084342  1.05637678
 -2.37005061 -0.62710558 -2.58539244  1.52635511]
    Weight (w): [ 0.71330919 -0.          0.18123641 -0.05400537  0.23239327  0.00866349
  0.0441076   0.22708992  0.06694184  0.22618609 -0.26871426  0.01674946
  0.14538701 -0.04734323  0.14348334 -0.27232535 -0.01995685  0.11154875
 -0.10589798 -0.01088523  0.09980765 -0.1158991   0.02255794 -0.04600715
  0.20173636  0.15917166 -0.65852284  0.18937544  0.25611275  0.29610899
  0.08346    -0.10377255  0.06820364 -0.23329304]
    Xi: 0.000000
    Gamma: 1.000000
    QP Objective: 1.1424574070554459

  Function 2:
    Center: [ 0.34843328  0.         -0.08640234  0.81430044  0.43732069  1.49802488
  0.42669844  1.13023286  0.64828013 -0.60266721  0.88312325 -0.15225383
  0.89721476 -1.92380978  0.88274783  1.77687787  0.92778234 -0.09765712
  0.84323997  0.39621914  1.06434838 -1.36103369  0.83632245 -1.51915233
 -0.19059844 -0.45186462  0.88920842  0.43750836  0.43670712  0.89635706
  0.92007194  1.58696706  0.90134097  1.4406322 ]
    Weight (w): [ 0.42347674 -0.          0.16714993 -0.40841354  0.4271076   0.21872011
  0.23403666  0.31378404 -0.16872356  0.08864085 -0.37332652 -0.29193171
 -0.02908233  0.44715419  0.12720734 -0.24641121 -0.02763343  0.20491443
 -0.31313052  0.12248091  0.0041507  -0.39988236  0.35887439  0.36296804
  0.23733475  0.05187713 -0.33486623 -0.12286505  0.18256566  0.49431522
  0.21824032 -0.34080869 -0.00804975 -0.48232506]
    Xi: 0.000000
    Gamma: 1.000000
    QP Objective: 1.9726531406187964

  Function 3:
    Center: [ 0.34843328  0.         -1.18057017 -0.06806149 -1.20767329 -0.15192548
 -1.08897948 -0.14111405 -1.164109   -0.35749022 -0.81561807 -0.44753097
 -0.70523382 -0.10181509 -0.65576158 -0.25586175 -0.77256295  0.1694913
 -0.63900892  0.14613046 -0.51987978  0.02839839 -0.6631796   0.08717556
 -0.63107354  0.123219   -1.03405054  0.15799545 -0.61312272  0.07766801
 -0.57240519  0.02980207 -0.75748185 -0.04325728]
    Weight (w): [ 0.5497127  -0.          0.09883332 -0.29513965  0.57303453  0.55144138
  0.30267525  0.49532868  0.29505476  0.21494904 -0.07671041  0.07445221
  0.14046068  0.22186497  0.57793893  0.31918409 -0.04516029  0.19743627
 -0.29300127 -0.0550328   0.42682076 -0.58314594  0.02453582 -0.72939105
  0.05689884  0.3788105  -0.01476674 -0.34312109 -0.11606033  0.61574435
 -0.10679602  0.00871206  0.06327758 -0.26648301]
    Xi: 0.000000
    Gamma: 1.000000
    QP Objective: 1.9063351002786402

  Function 4:
    Center: [ 0.34843328  0.          0.17289411 -0.21408961  0.56122257 -0.17661291
  0.91453109  1.16903999  0.29978098 -0.4976298   0.01001852 -0.65414401
  0.67163906  0.00440403  0.34364444  2.02934814  0.19866015  0.44712245
  0.49376912  0.23927465  1.08924333 -0.59582465  1.03479425 -1.78960762
  0.30572591  0.78471976  0.05466713  0.39375709  0.07700841  0.21631759
  0.23964213  0.29292392  1.24662489  2.10729944]
    Weight (w): [-0.         -0.          0.03080835  0.57072392 -0.1741342   0.83177171
 -0.06171257 -0.43894237  0.62982332  0.50453181 -0.51644787 -0.4032014
  0.25017098 -0.13951519 -0.13755457 -0.28107507 -0.27848997  0.24181757
  0.06887117  0.22266561  0.33888773  0.24804881 -0.33939865  0.10836157
  0.46094976 -0.33165496 -0.32525114 -0.43513512  0.85177928  0.3665091
  0.41382589 -0.34301853 -0.72793585 -0.04855955]
    Xi: 0.000000
    Gamma: 1.000000
    QP Objective: 1.0906983835734045

  Function 5:
    Center: [ 0.34843328  0.         -0.51535718  0.25241999 -0.36334129 -0.09118485
 -0.58035209  0.23439973 -0.54980173 -0.10150937 -0.50050846  0.19809179
 -0.25054145  0.55899366 -0.39065843  0.34614746 -0.68195133  0.75247237
 -0.49379983  0.52679078 -0.14395956  0.17197414 -0.47213847  0.67782943
 -0.72897421  0.70111886 -1.16763767  0.60464806 -0.91521051  0.34650981
 -0.78137056  0.61436779 -1.03468999  0.5847288 ]
    Weight (w): [-0.00000000e+00 -0.00000000e+00 -5.62826634e-03  5.17665937e-04
  2.16078964e-03  8.66543704e-03 -3.12160733e-03 -6.32570061e-05
 -6.36566819e-03  2.87267760e-03 -6.75947781e-03 -4.34184565e-03
 -8.95087992e-03 -1.12100902e-02 -4.00943188e-03 -7.52102670e-03
  4.19033085e-05 -1.39742280e-02 -2.74176973e-03 -9.32796483e-03
 -9.30076986e-03 -3.74677615e-03 -3.26257182e-03 -1.18754409e-02
  5.00346141e-04 -1.18240633e-02  2.16847129e-03 -1.01105058e-02
  5.21354073e-03 -6.24253192e-03  3.35334909e-03 -1.27216635e-02
  7.56740965e-03 -1.28662215e-02]
    Xi: 0.199028
    Gamma: 1.000000
    QP Objective: 0.10413762470946422

--------------------------------------------------

--- Model: VNS-RPCF ---
Accuracy: 0.9528
Training Time: 1.5615 seconds
Number of Functions (Centers): 5

Evaluation Metrics:
              precision    recall  f1-score   support

          -1       1.00      0.87      0.93        38
           1       0.93      1.00      0.96        68

    accuracy                           0.95       106
   macro avg       0.97      0.93      0.95       106
weighted avg       0.96      0.95      0.95       106

Model Parameters (Functions):
  Function 1:
    Center: [-2.86998991  0.          0.72164805 -2.3692351  -3.0841935   1.92134039
 -3.15091045  1.69351314  0.96407416  1.69437177  0.93091129  1.71005645
 -2.25463227 -2.21263915 -2.06191883 -2.34016157  1.00147721  2.02320137
  1.02436357 -1.88290035 -2.19505002 -1.94867188 -2.25984427 -1.78960762
  1.04542562  0.1401952   0.88920842 -1.69408712  1.08084342 -1.91639814
 -2.37005061  1.95731486 -2.58539244  2.10729944]
    Weight (w): [ 0.66495584 -0.          0.25552972 -0.04970222  0.14481457  0.133986
  0.11363572  0.2960354   0.11444824  0.25397678 -0.22949069  0.03318461
  0.14007195 -0.09546771  0.27028553 -0.38389125  0.024689    0.16072944
 -0.16809807 -0.03511139 -0.00559701 -0.15973889  0.07296143 -0.05643447
  0.16811466  0.19530924 -0.61935046  0.0942631   0.27287772  0.18192286
 -0.00195424 -0.05132547  0.00276178 -0.25049662]
    Xi: 0.000000
    Gamma: 1.000000
    QP Objective: 1.1612795837118277

  Function 2:
    Center: [ 0.34843328  0.          0.72164805 -2.06753742  0.76847698  0.23233781
  0.61962396 -0.99675546  0.96407416 -0.62555813  0.93091129  0.39754046
  0.96442876 -0.03175783  1.00604948 -0.47802947  1.00147721 -2.00861904
  1.02436357 -1.88290035  0.46245236  0.28938195  1.05741798  1.29274737
  1.04542562 -0.19483862  0.88920842  0.78067273  1.08084342 -1.25585597
  1.13460972  1.73167043  1.24662489 -0.43351142]
    Weight (w): [ 0.26522191 -0.         -0.02618319 -0.17656235  0.52327607  0.22673043
 -0.00364972  0.18310964 -0.15003307 -0.04700662 -0.09143457 -0.00604734
  0.0631625   0.12670317  0.04296453  0.00441411  0.07272301  0.2691901
 -0.20289644  0.04105627  0.24939544 -0.22472977  0.10586899 -0.0149485
  0.00482076 -0.0317915  -0.10941495 -0.31059407  0.08723646  0.75997899
  0.21480723 -0.45601096 -0.19289339 -0.21742378]
    Xi: 0.000000
    Gamma: 1.000000
    QP Objective: 1.7748398355616395

  Function 3:
    Center: [ 0.34843328  0.         -1.21292438 -0.04240392 -1.14961355 -0.25184872
 -1.07759624 -0.26793913 -0.968609   -0.47867132 -0.93244908 -0.33976189
 -0.62213376 -0.23521123 -0.52793468 -0.22708852 -0.69518983 -0.05022276
 -0.60205504  0.11514671 -0.51776141 -0.00776128 -0.51602585  0.06566445
 -0.59688189  0.17670782 -0.97329032  0.15517338 -0.62336505  0.06907264
 -0.66272029 -0.02875395 -0.69672522  0.01173881]
    Weight (w): [-0.         -0.          0.68110832 -0.36174802  0.54900105  0.88184237
 -0.02130897  0.40149242  0.24457032  0.43320698  0.18399405  0.36294689
  0.23222912  0.12165962 -0.0564793  -0.42884129 -0.10746661 -0.11521052
 -0.09228877 -0.40435298  0.12816936 -0.53797304  0.01719085  0.59867508
  0.1674337   0.04124856 -0.28125739  0.02854682  0.25549399 -0.00834468
 -0.24115646  0.49357973  0.00499243 -0.65671511]
    Xi: 0.000000
    Gamma: 1.000000
    QP Objective: 1.8234681766667384

  Function 4:
    Center: [ 0.34843328  0.          0.3022707   0.28161654 -1.15785826 -0.25184872
  0.03113097 -0.09734545 -0.23140077  1.69437177 -0.16455267  1.70109087
 -0.68435821  0.88782973 -0.16399694  0.12555276 -0.66202066  1.92486527
 -1.39015937  1.68470734 -0.72040231  0.7338889  -1.30732559  0.55943285
 -2.27114777  1.72969553 -1.7131993   1.73333256 -2.39702657  1.4231979
 -2.37005061  0.25815689 -0.66938378 -0.03096227]
    Weight (w): [-0.         -0.          0.22290498  0.10777861  0.49531599  0.20696679
 -0.40112441 -0.65507768  0.11502389 -0.27021104 -0.39204878  0.02856844
  0.17848959  0.31236903 -0.11365532  0.34546179 -0.2965034  -0.04266712
  0.18935274  0.2240991   0.01535745 -0.16371576 -0.26590602 -0.61363241
  0.65760818  0.142266   -0.76463085 -0.2906468   0.51120944  0.13348991
  0.10976182  0.06472491 -0.00999925  0.38597609]
    Xi: 0.000000
    Gamma: 1.000000
    QP Objective: 1.298272799050991

  Function 5:
    Center: [ 0.34843328  0.         -0.08640234  0.81430044  0.43732069  1.49802488
  0.42669844  1.13023286  0.64828013 -0.60266721  0.88312325 -0.15225383
  0.89721476 -1.92380978  0.88274783  1.77687787  0.92778234 -0.09765712
  0.84323997  0.39621914  1.06434838 -1.36103369  0.83632245 -1.51915233
 -0.19059844 -0.45186462  0.88920842  0.43750836  0.43670712  0.89635706
  0.92007194  1.58696706  0.90134097  1.4406322 ]
    Weight (w): [-0.         -0.          0.53438687 -0.36854878  0.34475241  0.45665336
  0.44695655  0.18333046  0.29409922  0.40380623  0.15352138  0.0013065
 -0.21544223 -0.36763986  0.29219165 -0.09287096  0.56327032 -0.54942806
  0.2652849   0.00547276 -0.43685718  0.41798317  0.0561712  -0.17558723
  0.39069654 -0.0255734   0.2991548  -0.00660684  0.47240333  0.2703903
  0.11313559 -0.47385837  0.45071372 -0.66007064]
    Xi: 0.153555
    Gamma: 1.000000
    QP Objective: 0.542552016111232

