=== Summary for Dataset: votes ===

Standard RPCF: Accuracy: 0.9618
Training Time: 0.0875 seconds
Number of Functions (Centers): 11
VNS-RPCF: Accuracy: 0.9618
Training Time: 1.0907 seconds
Number of Functions (Centers): 5

=== Detailed Results for Dataset: {ds_name} ===

--- Model: Standard RPCF ---
Accuracy: 0.9618
Training Time: 0.0875 seconds
Number of Functions (Centers): 11

Evaluation Metrics:
              precision    recall  f1-score   support

          -1       0.95      0.99      0.97        80
           1       0.98      0.92      0.95        51

    accuracy                           0.96       131
   macro avg       0.97      0.95      0.96       131
weighted avg       0.96      0.96      0.96       131

Model Parameters (Functions):
  Function 1:
    Center: [ 1.15160897  0.88888889  0.80481505 -0.82827925 -1.04467514  0.73287275
  0.8481554   0.83223014  0.94845312 -1.02561532 -0.72547625 -0.80481505
 -1.07897132 -1.24852855  1.22474487  0.40770067]
    Weight (w): [-0.04672604  0.09362545 -0.00986513  0.30765951  0.02967117  0.05893643
  0.02237939  0.15821732  0.09865456  0.09266769 -0.23858513  0.00542603
  0.03398585  0.20953921 -0.07425602  0.06346962]
    Xi: 0.075929
    Gamma: 1.000000
    QP Objective: 2.1454306184998115

  Function 2:
    Center: [-0.86835031 -1.125       0.80481505 -0.82827925 -1.04467514  0.73287275
  0.8481554   0.83223014  0.94845312  0.97502443  1.37840488 -0.80481505
  0.9268087   0.80094284 -0.81649658  0.40770067]
    Weight (w): [-0.08010647 -0.05524969 -0.01125127  0.41549455 -0.03802637 -0.11785706
  0.12329067  0.12326798 -0.0344383   0.05496267 -0.1111359   0.07429601
  0.01965073 -0.06860766 -0.14134625  0.09858996]
    Xi: 0.098590
    Gamma: 1.000000
    QP Objective: 2.6501070756272456

  Function 3:
    Center: [-0.86835031  0.88888889  0.80481505  1.20732229  0.95723537  0.73287275
 -1.17902922  0.83223014  0.94845312  0.97502443  1.37840488  1.24252149
  0.9268087   0.80094284 -0.81649658  0.40770067]
    Weight (w): [ 0.0260143  -0.02644601 -0.17392944  0.34769592 -0.146727    0.07338194
  0.08783441 -0.06626683 -0.34307747  0.20738073 -0.21501548  0.18607891
  0.08346722 -0.04031051 -0.03126963  0.07913632]
    Xi: 0.117211
    Gamma: 1.000000
    QP Objective: 3.2834907539175706

  Function 4:
    Center: [ 1.15160897 -1.125      -1.24252149 -0.82827925  0.95723537  0.73287275
  0.8481554  -1.20159071  0.94845312 -1.02561532 -0.72547625 -0.80481505
 -1.07897132  0.80094284 -0.81649658 -2.45277986]
    Weight (w): [ 0.0681502  -0.10592593 -0.13408045  0.4121709  -0.03031972 -0.03586618
  0.06840396  0.02393906 -0.1822298   0.14695284 -0.13887952 -0.05034591
  0.1083713   0.06027857 -0.14457668 -0.08095769]
    Xi: 0.088251
    Gamma: 1.000000
    QP Objective: 2.823400983191873

  Function 5:
    Center: [-0.86835031 -1.125      -1.24252149 -0.82827925  0.95723537  0.73287275
  0.8481554  -1.20159071 -1.05434837 -1.02561532 -0.72547625  1.24252149
  0.9268087   0.80094284 -0.81649658  0.40770067]
    Weight (w): [ 0.02097047 -0.0441135  -0.11440779  0.78770136  0.08948368  0.0325683
 -0.04891105  0.0874953  -0.09567689  0.08696545 -0.19045525  0.10099129
  0.07819554  0.08539464 -0.07510161  0.05266104]
    Xi: 0.072994
    Gamma: 1.000000
    QP Objective: 3.644553132723181

  Function 6:
    Center: [-0.86835031  0.88888889 -1.24252149  1.20732229 -1.04467514  0.73287275
  0.8481554   0.83223014  0.94845312 -1.02561532  1.37840488 -0.80481505
  0.9268087  -1.24852855  1.22474487  0.40770067]
    Weight (w): [-0.0181383  -0.07752582 -0.20789741 -0.          0.0450593  -0.08073932
  0.16561847  0.18783221 -0.11375274  0.09751983 -0.14487419  0.03963447
  0.02307534  0.03434081 -0.15974829  0.08405603]
    Xi: 0.106577
    Gamma: 1.000000
    QP Objective: 2.8325301419051154

  Function 7:
    Center: [ 1.15160897  0.88888889  0.80481505  1.20732229  0.95723537  0.73287275
 -1.17902922 -1.20159071 -1.05434837 -1.02561532  1.37840488  1.24252149
  0.9268087   0.80094284 -0.81649658  0.40770067]
    Weight (w): [ 5.08834562e-04 -1.84835465e-01 -2.53067381e-01 -0.00000000e+00
  8.14768364e-02 -7.44197506e-03  7.20555088e-02  6.56107097e-02
 -8.15130985e-02  1.05319210e-01 -2.42031674e-01  1.57792069e-01
  2.06995574e-01 -3.51732680e-10 -1.96547915e-01  4.77422087e-02]
    Xi: 0.157785
    Gamma: 1.000000
    QP Objective: 2.8968838789468068

  Function 8:
    Center: [ 1.15160897  0.88888889 -1.24252149  1.20732229 -1.04467514 -1.36449335
  0.8481554   0.83223014  0.94845312 -1.02561532  1.37840488 -0.80481505
 -1.07897132  0.80094284 -0.81649658  0.40770067]
    Weight (w): [ 1.05299407e-01 -1.72106899e-01 -1.33810366e-01 -0.00000000e+00
  3.35027171e-02 -8.37622995e-02  1.05328594e-01  1.47554399e-01
 -3.35176277e-02  1.44030800e-01 -2.16274506e-01 -2.62632195e-02
  2.10498006e-01 -6.71719868e-11  4.54040049e-03  9.89645244e-02]
    Xi: 0.113488
    Gamma: 1.000000
    QP Objective: 2.9042389049919826

  Function 9:
    Center: [-0.86835031  0.88888889  0.80481505  1.20732229  0.95723537  0.73287275
 -1.17902922 -1.20159071 -1.05434837  0.97502443  1.37840488 -0.80481505
  0.9268087   0.80094284 -0.81649658 -2.45277986]
    Weight (w): [ 1.53497024e-11 -4.74103083e-02 -3.18922949e-01 -0.00000000e+00
 -6.67982092e-13 -8.89230531e-02  1.39037934e-01  9.16135516e-02
  3.02404387e-12  2.02029050e-01  2.29156981e-02  9.58740117e-02
 -2.75158129e-12 -1.24252732e-12 -2.48259096e-01 -1.13050174e-01]
    Xi: 0.195528
    Gamma: 1.000000
    QP Objective: 2.621703914921352

  Function 10:
    Center: [-0.86835031  0.88888889  0.80481505  1.20732229  0.95723537  0.73287275
 -1.17902922 -1.20159071 -1.05434837 -1.02561532 -0.72547625  1.24252149
  0.9268087   0.80094284 -0.81649658  0.40770067]
    Weight (w): [ 9.30211284e-11 -9.07157158e-02 -5.02611899e-01 -0.00000000e+00
 -2.51827522e-12 -3.78408130e-11  1.82629245e-01  9.16135516e-02
  1.19178836e-11  1.80237816e-01  4.45414741e-11  3.27389402e-01
 -9.54658907e-12 -1.00691882e-12 -4.18362550e-01 -1.27620200e-10]
    Xi: 0.302056
    Gamma: 1.000000
    QP Objective: 2.9941734490839447

  Function 11:
    Center: [-0.86835031  0.88888889 -1.24252149  1.20732229  0.95723537  0.73287275
 -1.17902922 -1.20159071 -1.05434837 -1.02561532 -0.72547625 -0.80481505
  0.9268087   0.80094284  1.22474487  0.40770067]
    Weight (w): [ 5.08123772e-02 -4.39474413e-10  3.27465224e-10 -0.00000000e+00
 -1.47122114e-11 -5.00472949e-11  4.53088347e-10  3.93513501e-10
  4.60997491e-11  5.85329979e-10  3.46375174e-02  4.53900289e-02
 -7.47336020e-11 -5.77062419e-12 -2.23843803e-01 -6.88813867e-10]
    Xi: 0.354684
    Gamma: 1.000000
    QP Objective: 1.256893977075001

--------------------------------------------------

--- Model: VNS-RPCF ---
Accuracy: 0.9618
Training Time: 1.0907 seconds
Number of Functions (Centers): 5

Evaluation Metrics:
              precision    recall  f1-score   support

          -1       0.95      0.99      0.97        80
           1       0.98      0.92      0.95        51

    accuracy                           0.96       131
   macro avg       0.97      0.95      0.96       131
weighted avg       0.96      0.96      0.96       131

Model Parameters (Functions):
  Function 1:
    Center: [ 1.15160897  0.88888889  0.80481505 -0.82827925 -1.04467514  0.73287275
  0.8481554   0.83223014  0.94845312  0.97502443 -0.72547625 -0.80481505
 -1.07897132 -1.24852855  1.22474487  0.40770067]
    Weight (w): [-0.04892652  0.05440015  0.00520244  0.33888722  0.06573474 -0.00949207
  0.00052133  0.14172574  0.06257495  0.18771977 -0.24175426  0.02319544
  0.03244889  0.21521796 -0.09729759  0.06118675]
    Xi: 0.076115
    Gamma: 1.000000
    QP Objective: 2.1687877581901223

  Function 2:
    Center: [ 1.15160897  0.88888889 -1.24252149 -0.82827925  0.95723537  0.73287275
 -1.17902922 -1.20159071 -1.05434837  0.97502443  1.37840488  1.24252149
  0.9268087   0.80094284 -0.81649658  0.40770067]
    Weight (w): [-0.00311548  0.02002461 -0.15730719  0.73853965  0.07817082 -0.07768402
  0.01834423 -0.02058921 -0.15907879  0.05409741 -0.08330112  0.10063724
  0.07832192 -0.00798527 -0.16681664  0.01629018]
    Xi: 0.077636
    Gamma: 1.000000
    QP Objective: 2.7776272219792526

  Function 3:
    Center: [-0.86835031  0.88888889 -1.24252149  1.20732229  0.95723537  0.73287275
 -1.17902922 -1.20159071 -1.05434837 -1.02561532  1.37840488  1.24252149
 -1.07897132  0.80094284 -0.81649658 -2.45277986]
    Weight (w): [ 0.00691124 -0.14271799 -0.44425807 -0.         -0.01409695 -0.04605166
  0.08719269  0.09231775 -0.25900607  0.1089934  -0.32389824  0.22815186
  0.4275791  -0.00371954 -0.18076996 -0.02913569]
    Xi: 0.112157
    Gamma: 1.000000
    QP Objective: 3.0576066990525854

  Function 4:
    Center: [-0.86835031  0.88888889  0.80481505  1.20732229  0.95723537  0.73287275
 -1.17902922 -1.20159071 -1.05434837 -1.02561532 -0.72547625  1.24252149
  0.9268087   0.80094284 -0.81649658  0.40770067]
    Weight (w): [-4.25025239e-03 -8.45630257e-02 -7.56265808e-01 -0.00000000e+00
  7.82457651e-02 -1.08271110e-02  2.76698209e-01 -9.55622071e-02
 -3.16633559e-01  2.73074999e-01 -2.69477396e-01  2.47960934e-01
  7.83970066e-02 -2.12212561e-13 -1.52607283e-01 -8.35752274e-11]
    Xi: 0.158295
    Gamma: 1.000000
    QP Objective: 3.8533800922474524

  Function 5:
    Center: [ 1.15160897  0.88888889 -1.24252149  1.20732229  0.95723537  0.73287275
 -1.17902922 -1.20159071 -1.05434837 -1.02561532  1.37840488 -0.80481505
  0.9268087   0.80094284 -0.81649658  0.40770067]
    Weight (w): [-1.03392344e-01 -9.64498227e-02  1.45572090e-01 -0.00000000e+00
  1.91309597e-01  1.43024329e-01 -3.12809168e-02 -7.16650417e-02
 -1.91394741e-01  1.42251801e-01 -1.46140983e-01  3.55171253e-01
  1.91679380e-01 -5.67949492e-12 -1.95068199e-01 -1.69468240e-01]
    Xi: 0.143024
    Gamma: 1.000000
    QP Objective: 2.3280716914739448

