=== Summary for Dataset: wbcd ===

Standard RPCF: Accuracy: 0.9357
Training Time: 0.1230 seconds
Number of Functions (Centers): 4
VNS-RPCF: Accuracy: 0.9474
Training Time: 1.4736 seconds
Number of Functions (Centers): 3

=== Detailed Results for Dataset: {ds_name} ===

--- Model: Standard RPCF ---
Accuracy: 0.9357
Training Time: 0.1230 seconds
Number of Functions (Centers): 4

Evaluation Metrics:
              precision    recall  f1-score   support

          -1       0.93      0.97      0.95       107
           1       0.95      0.88      0.91        64

    accuracy                           0.94       171
   macro avg       0.94      0.92      0.93       171
weighted avg       0.94      0.94      0.94       171

Model Parameters (Functions):
  Function 1:
    Center: [-1.11540661 -0.42111735 -1.10880038 -0.94904605 -1.1258573  -0.85795212
 -0.38994881 -0.98556603  0.55633576  0.04995497 -0.17494583  1.27937838
 -0.05893796 -0.38606574 -0.78702488  0.31979218  0.85698582 -0.17618193
  0.6123789   0.30944596 -0.99175754 -0.1965888  -0.94901293 -0.83831891
 -1.62624994 -0.72879375 -0.38230737 -1.20132103 -0.05299156 -0.3245049 ]
    Weight (w): [-0.25375859  0.04251092 -0.1763155  -0.11601006  0.26288783 -0.71818428
  0.48260332  0.21908057 -0.34625796  0.1654861   1.18827243  0.03647836
  0.43415745  0.67982849  0.11026462 -0.54072754  0.06098837  0.88541021
 -0.61983968 -1.02864687  0.59623295  0.91206142  0.31486206  0.71337696
 -0.2105073  -0.17847216  0.84464217  0.35423416  1.06542578  0.09111173]
    Xi: 0.000000
    Gamma: 2.356718
    QP Objective: 0.43299387434514225

  Function 2:
    Center: [-0.38549012  2.35972786 -0.43740011 -0.41805209 -0.96787002 -1.17501038
 -0.86415007 -0.87516779 -0.99531518 -0.91118058 -0.59289235  0.27241752
 -0.68762684 -0.47473263  0.59803128 -0.73484342 -0.61717542 -0.40408651
 -0.19037158 -0.78256566 -0.4968303   1.68100011 -0.57073278 -0.50255759
 -0.39314631 -0.94062827 -0.89070094 -0.75563852 -0.79878842 -1.05876448]
    Weight (w): [-0.67422597 -0.11486814 -0.41492832 -0.41678329  0.80840935 -2.13834557
  1.53827816  1.94643833 -0.77632635  0.16406506  1.52236826 -1.71507249
  1.23677806  1.24403202  0.15204759 -0.99451015 -1.43583728  0.46093986
 -0.18417594 -0.41392683  0.17687883  2.81639892  0.10671191  0.46782218
 -0.33578219 -1.6050508   0.90009147  0.08809934  1.31329012 -0.1075126 ]
    Xi: 0.203868
    Gamma: 1.000000
    QP Objective: 0.9539166739028224

  Function 3:
    Center: [-0.47069438 -0.16048584 -0.44810956 -0.49199876  0.23411429  0.02765051
 -0.10984741 -0.27623152  0.41394897  0.13217601 -0.03274296 -0.31361556
 -0.18269561 -0.22105292 -0.02932749 -0.35591235 -0.16192949 -0.23133322
 -0.32961186 -0.07901817 -0.26903951 -0.16890536 -0.33393537 -0.35629925
  0.4485028  -0.10474068 -0.02441212 -0.19956318  0.18320441  0.19695794]
    Weight (w): [-0.86922201  1.02765988 -0.80069877 -0.21645816  1.36749956 -4.15856119
  1.33995725  1.86372312 -0.02973825  0.33911088  2.55729345 -2.00177534
  0.09668419  1.03543229 -0.97204862 -0.36180095  0.51523147  0.3440245
  0.78333846 -0.44492233  0.28601854  1.07744967 -0.04402134  1.06349184
  0.14713835  0.05943033  2.19389661 -1.01699377 -0.17543084  1.18300387]
    Xi: 0.167360
    Gamma: 1.000000
    QP Objective: 1.0890661304323817

  Function 4:
    Center: [ 0.06041217 -1.35427127  0.02228252 -0.03893322  0.19212668 -0.53255522
 -0.3962263  -0.07452258  0.96159048 -1.17910775  0.42165659 -0.73436191
  0.44401314  0.17497786  0.01600768 -0.62585882 -0.27499494  0.17256885
  0.2564081  -0.88204577  0.10370904 -1.4293163   0.09349141 -0.0129789
 -0.1169802  -0.64736786 -0.52287481 -0.08993168  0.26085788 -1.28707765]
    Weight (w): [ 0.23509685 -0.47732971  0.19709612  0.26216065  0.66883448 -0.47332987
 -0.15990152 -0.00210851  0.04695458 -0.1816607   0.32716139 -0.87572373
  0.28723709  0.26314651 -0.15389408 -0.37845554  0.04619129 -0.31220271
  0.47557058 -0.58008857  0.30125365 -0.5099666   0.2245904   0.33765003
  0.82138303 -0.21758942  0.15628076  0.05130666  0.44410973 -0.33832966]
    Xi: 0.402405
    Gamma: 1.000000
    QP Objective: 0.05715681709691816

--------------------------------------------------

--- Model: VNS-RPCF ---
Accuracy: 0.9474
Training Time: 1.4736 seconds
Number of Functions (Centers): 3

Evaluation Metrics:
              precision    recall  f1-score   support

          -1       0.95      0.97      0.96       107
           1       0.95      0.91      0.93        64

    accuracy                           0.95       171
   macro avg       0.95      0.94      0.94       171
weighted avg       0.95      0.95      0.95       171

Model Parameters (Functions):
  Function 1:
    Center: [-0.26052388  1.3870138  -0.32412706 -0.33272902 -0.601368   -0.99099151
 -0.76684905 -0.72840003 -0.70323971 -0.98631359 -0.71019168  0.24157367
 -0.76831683 -0.50069465 -0.42434351 -0.97226219 -0.55682964 -0.8670329
 -0.85630335 -0.74398403 -0.39743068  1.3927666  -0.47571596 -0.43540532
 -0.15204891 -0.94126441 -0.63897488 -0.83070565 -0.73893053 -0.89030039]
    Weight (w): [-0.20795918 -0.08374506 -0.14098913 -0.12969633  0.23424763 -1.08561365
  0.41701803  0.40769703 -0.54758688  0.28508969  1.47533737 -0.21136912
  0.86061268  0.983471    0.24196586 -0.8303733  -0.34535988  0.81110657
 -0.55675861 -0.7820333   0.7011511   1.38733045  0.49879123  0.70647474
 -0.13052301 -0.23724942  0.61753087  1.4794692   1.11753014  0.04523029]
    Xi: 0.012985
    Gamma: 1.000000
    QP Objective: 0.35552252404922297

  Function 2:
    Center: [-0.42809225  1.08914921 -0.43740011 -0.45075927 -1.23331712 -0.55055913
 -0.43213352 -0.7366541  -1.08658877 -0.36965583 -0.57845551 -0.27369999
 -0.70346782 -0.48023306 -0.62401827 -0.14185541 -0.05748487 -0.50368325
 -0.83450922 -0.14672516 -0.42849306  0.91726273 -0.49418318 -0.45105074
 -0.42383144  0.57974565  0.5704808   0.05167567 -0.12093834  0.65968002]
    Weight (w): [-0.77044721  0.38608289 -0.59903975 -0.17484384  0.58723518 -2.34066572
  1.82468288  1.57913251 -0.27934337  0.31021822  1.81555831 -1.58824717
  1.73584449  0.69225626  0.12377504 -1.0522152   0.8232432  -0.1448944
 -0.64546212 -1.17908124  0.07021908  1.42532621  0.15168716  0.44963983
 -0.14561006 -0.62827941  1.38009646 -0.58272453  1.24109644  0.2913424 ]
    Xi: 0.115754
    Gamma: 1.000000
    QP Objective: 0.9564393529167292

  Function 3:
    Center: [-0.59282049  2.0595362  -0.62275601 -0.58301005 -0.62912252 -0.84032725
 -0.81769668 -0.64869662  0.15473199 -0.82470673  0.72519115  2.58752033
  0.61034342  0.10171216  0.15868013 -0.55487911 -0.5717503   0.00549289
 -0.00875383  0.03332248 -0.55274258  1.24620719 -0.59634861 -0.55019702
 -1.23917902 -0.99877144 -1.04081545 -0.90044346 -0.80364176 -0.97286996]
    Weight (w): [ 0.10063178  0.12970345 -0.07991538  0.93606031  0.89160607 -3.92480941
 -0.3203855   0.19768213  0.38479213  1.87183163  1.26766686 -2.01830269
 -0.12411003  0.39425231 -1.85794564 -0.99170453 -0.30170328  2.52723635
  1.45811934  2.38468984  1.06785903  1.5383585   0.42006466  1.53483801
 -0.57188586 -0.82180178  1.91483906  0.43457222 -0.8330277   2.08589248]
    Xi: 0.000000
    Gamma: 1.925869
    QP Objective: 0.6804605518183983

