=== Summary for Dataset: wbcp ===

Standard RPCF: Accuracy: 0.7833
Training Time: 0.0150 seconds
Number of Functions (Centers): 3
VNS-RPCF: Accuracy: 0.7833
Training Time: 0.2705 seconds
Number of Functions (Centers): 3

=== Detailed Results for Dataset: {ds_name} ===

--- Model: Standard RPCF ---
Accuracy: 0.7833
Training Time: 0.0150 seconds
Number of Functions (Centers): 3

Evaluation Metrics:
              precision    recall  f1-score   support

          -1       0.79      0.98      0.87        46
           1       0.67      0.14      0.24        14

    accuracy                           0.78        60
   macro avg       0.73      0.56      0.55        60
weighted avg       0.76      0.78      0.72        60

Model Parameters (Functions):
  Function 1:
    Center: [ 7.93224606e-01  2.43422419e-03  7.65959138e-01 -1.67171485e-02
 -6.27483428e-02 -1.66636186e-01 -5.63531590e-01  1.69861811e-01
 -6.15714861e-01 -2.26378013e+00 -5.60224197e-01 -2.38408523e-01
  7.66563689e-01 -2.23155649e-01 -2.44431865e-01  8.21374961e+00
  3.09366329e+00  4.95054041e+00  4.40240557e+00  1.25092983e-01
  4.43524964e+00 -6.97455201e-01 -3.44701316e-01 -6.92169089e-01
 -6.56872503e-01 -8.93952303e-01 -1.13605208e+00 -9.02992822e-01
 -1.52836059e+00 -2.17556611e+00 -1.07243410e+00 -6.97066841e-01
 -4.08776909e-01]
    Weight (w): [-0.86200524 -0.0030835  -0.05513841 -0.00653105  0.02847449  0.32644647
 -0.16142297 -0.19613172  0.16864673 -0.04000217 -0.16046146  0.03101956
 -0.20997534  0.17177734 -0.22827004  0.17571139  0.23413497 -0.28034511
 -0.38957098  0.17309905  0.26084774  0.16306697 -0.19903458  0.09428447
  0.08418715  0.32146514 -0.13089577 -0.00619203 -0.2411726  -0.02755535
  0.0164713   0.21558313  0.15271558]
    Xi: 0.000000
    Gamma: 1.000000
    QP Objective: 1.2386687512344463

  Function 2:
    Center: [-0.69038015  0.19585896 -1.2655648   0.12393421  0.05682161 -1.0576942
 -0.39074173 -0.67112107 -0.71722125 -0.75834577 -0.67931756 -0.98518831
 -1.28319201 -1.06662502 -0.71997628 -0.89150222 -0.88791779 -0.52843122
 -0.97375441 -0.79598484 -0.80235269 -0.15164871 -1.35260433 -0.24455125
 -0.19324842 -0.80282918 -0.6022718  -0.04437612 -0.56089665 -0.52292378
 -0.40619159 -0.07629067 -0.59363173]
    Weight (w): [-0.68379927 -0.12385724  0.01027286 -0.14118993 -0.25712672  0.36839266
 -0.19357416 -0.22704506  0.48082844  0.05065358 -0.13205067  0.1113226
 -0.43947187  0.21155419 -0.15560789 -0.24269035 -0.03557791 -0.37350761
  0.12651426  0.43294689  0.34251218  0.3255526  -0.09523074  0.16340756
  0.17207807  0.10072212 -0.30047783 -0.14327609  0.20028031 -0.09854936
  0.03705223  0.36862054 -0.04379175]
    Xi: 0.000000
    Gamma: 1.000000
    QP Objective: 1.4181411818974543

  Function 3:
    Center: [-1.21400536 -0.2005032  -0.81074601 -0.26051284 -0.23840229 -1.12334268
 -1.02122381 -1.02314059 -0.62192954 -0.12620949 -1.01997998 -0.01405131
  0.24098531 -0.05775158 -0.0603569  -0.21534129 -0.36994227 -0.69609112
  0.17134563  0.03717192 -0.25551886 -0.22962107 -0.63957542 -0.3347688
 -0.2479937  -1.23566399 -0.9367252  -1.18303929 -0.69625285 -0.56560704
 -0.87829094  0.07890337 -0.40877691]
    Weight (w): [ 0.18512749 -0.40757021  0.29014591 -0.40518293 -0.38775466  0.30268213
  0.18449318 -0.24586492  0.13558992  0.31505384  0.0603775   0.44142682
 -0.22658165  0.22033154  0.22595355  0.19715202  0.21371316 -0.05724787
 -0.37903664  0.50700743  0.11245162  0.16091752  0.17450306 -0.0567609
  0.24508906  0.64600707 -0.05100951 -0.32183248  0.08753425 -0.10181401
 -0.16255739 -0.47266158 -0.38401546]
    Xi: 0.059297
    Gamma: 1.000000
    QP Objective: 0.7327223608349301

--------------------------------------------------

--- Model: VNS-RPCF ---
Accuracy: 0.7833
Training Time: 0.2705 seconds
Number of Functions (Centers): 3

Evaluation Metrics:
              precision    recall  f1-score   support

          -1       0.81      0.93      0.87        46
           1       0.57      0.29      0.38        14

    accuracy                           0.78        60
   macro avg       0.69      0.61      0.62        60
weighted avg       0.76      0.78      0.75        60

Model Parameters (Functions):
  Function 1:
    Center: [ 1.86956531 -1.34519713 -0.84339967 -1.35384277 -1.23965828  1.05026245
 -0.39275091 -0.4779223  -0.39583367  0.73247273  0.70133459 -1.02236566
 -0.70600792 -1.07759103 -0.96067363 -0.07747997 -0.44621559 -0.56205928
 -0.53717022 -0.32707249 -0.17791709 -1.26452688 -0.36469278 -1.3028725
 -1.10441516  1.58004035  0.31487645  0.3690533   0.6661849   0.88829138
  1.28190687 -0.95572358 -0.40877691]
    Weight (w): [-0.75684787  0.01260839 -0.05659525  0.00887068  0.04828599  0.37706903
 -0.29339637 -0.23234269  0.18380691  0.04755781 -0.22111798  0.04421908
 -0.24955547  0.19476265 -0.18199352  0.09200366  0.26559289 -0.33618905
 -0.36552811  0.14292261  0.26970808  0.12781388 -0.25715412  0.06039286
  0.07476681  0.35797214 -0.12709309 -0.02826376 -0.18351817 -0.06319476
  0.12634074  0.17941307  0.20213635]
    Xi: 0.000000
    Gamma: 1.000000
    QP Objective: 1.2517520079078341

  Function 2:
    Center: [-1.01037333 -0.07683821  1.61262181 -0.22769419 -0.15584209 -1.05369124
 -1.52894472 -1.28438511 -1.06820253 -0.49160618 -1.21662251  0.02183292
  0.30573047 -0.19574061 -0.1506184   0.04319083 -0.89019461 -0.44195907
 -0.98085778  0.71018673 -1.35022121 -0.06186236  1.08635437 -0.27231049
 -0.18811605 -0.8119415  -1.27117859 -1.28524182 -1.85454683  0.17067913
 -1.44414722  0.4410228  -0.59363173]
    Weight (w): [-0.93343816 -0.13479324 -0.08673215 -0.1120462  -0.20812005  0.22137073
 -0.02478328 -0.2557817   0.27058812 -0.04856454  0.03808783 -0.00994523
 -0.24163157  0.15867051 -0.14519933 -0.11592245 -0.04159155 -0.36003868
 -0.11041826  0.28001771  0.25728789  0.32846517 -0.11112473  0.23297609
  0.26718165  0.38774793 -0.25326669  0.04082993  0.10204622 -0.17643221
  0.08312204  0.47322505  0.00530166]
    Xi: 0.000000
    Gamma: 1.000000
    QP Objective: 1.476019814087525

  Function 3:
    Center: [-1.21400536  1.86375094  1.02485599  2.06492302  2.03541959  0.91416194
  1.32108342  2.7851481   2.22616814  0.99555834 -0.05753941 -0.15985117
  0.56280685  0.18806994  0.27018408  0.86462861  1.13901719  2.34580703
  1.73955166  0.12509298  0.62500259  0.96831785  0.42330412  1.27179757
  0.99403983  0.44100137  0.31548788  2.03547414  2.09741022 -0.04807256
 -0.1519114   3.1827842   1.99433583]
    Weight (w): [-0.49582042 -0.24580991  0.19219387 -0.20341203 -0.21087895  0.17389443
  0.09695262  0.14049899  0.127645    0.00509982  0.23939605  0.27087095
  0.38563622  0.24486641  0.26624777  0.25604045  0.08741461  0.2320876
  0.14740112 -0.20205009  0.10665978 -0.10507006  0.2103462  -0.1271529
 -0.03176864  0.44721084 -0.12743176  0.17053621  0.21698726 -0.66748036
 -0.15290447 -0.20225112 -0.21075386]
    Xi: 0.117215
    Gamma: 1.000000
    QP Objective: 0.3441519731688215

